0.0,0.0
0.0,0.0
0.0,0.0
0.0,0.0
0.0,0.0
0.0,0.0
0.0003333333333333334,0.0
0.0003333333333333334,0.0
0.0006666666666666668,0.0
0.0016666666666666666,0.0
0.0016666666666666666,0.0
0.0016666666666666666,0.0
0.002,0.0
0.003333333333333333,0.0
0.004333333333333333,0.0
0.005333333333333334,0.0
0.005666666666666667,0.0
0.006333333333333334,0.0
0.008333333333333333,0.0
0.009333333333333332,0.0
0.009999999999999998,0.0
0.012,0.0
0.012666666666666668,0.0
0.013333333333333332,0.0
0.016333333333333335,0.0
0.01966666666666667,0.0
0.022333333333333334,0.0
0.026666666666666665,0.0
0.031,0.0
0.033666666666666664,0.0
0.038333333333333344,0.0
0.043666666666666666,0.0
0.05066666666666667,0.0
0.05566666666666666,0.0
0.06133333333333333,0.0
0.068,0.0
0.073,0.0
0.07899999999999999,0.0
0.08366666666666667,0.0
0.09200000000000001,0.0
0.09733333333333334,0.0
0.10600000000000001,0.0
0.11299999999999999,0.0
0.12033333333333333,0.0
0.131,0.0
0.14366666666666666,0.0
0.15499999999999997,0.0
0.16433333333333336,0.0
0.1723333333333333,0.0
0.18233333333333335,0.0
0.191,0.0
0.203,0.0
0.21399999999999997,0.0
0.22966666666666669,0.0
0.238,0.0
0.251,0.0
0.2636666666666666,0.0
0.27799999999999997,0.0
0.289,0.0
0.303,0.0
0.31966666666666665,0.0
0.3363333333333333,0.0
0.35333333333333333,0.0
0.3676666666666667,0.0
0.38133333333333336,0.0
0.3943333333333333,0.0
0.4066666666666666,0.0
0.42266666666666663,0.0
0.438,0.0
0.45299999999999996,0.0
0.46699999999999997,0.0
0.48166666666666663,0.0
0.4953333333333333,0.0
0.5076666666666666,0.0
0.516,0.0
0.5303333333333333,0.0
0.5393333333333333,0.0
0.5543333333333333,0.0
0.5660000000000001,0.0
0.5800000000000001,0.0
0.5923333333333333,0.0
0.6043333333333333,0.0
0.6196666666666667,0.0
0.6346666666666667,0.0
0.6469999999999999,0.0
0.6563333333333333,0.0
0.6689999999999999,0.0
0.6779999999999999,0.0003333333333333334
0.6893333333333334,0.0003333333333333334
0.7,0.0003333333333333334
0.7076666666666667,0.0003333333333333334
0.7186666666666668,0.0003333333333333334
0.7296666666666668,0.0003333333333333334
0.7383333333333334,0.0003333333333333334
0.7503333333333334,0.0003333333333333334
0.7606666666666666,0.0003333333333333334
0.769,0.0003333333333333334
0.7763333333333333,0.0003333333333333334
0.7826666666666667,0.0003333333333333334
0.7929999999999999,0.0003333333333333334
0.8033333333333333,0.0003333333333333334
0.8126666666666665,0.0003333333333333334
0.8206666666666667,0.0003333333333333334
0.8296666666666667,0.0003333333333333334
0.8340000000000002,0.0003333333333333334
0.843,0.0003333333333333334
0.851,0.0003333333333333334
0.8576666666666666,0.0003333333333333334
0.8653333333333333,0.0006666666666666668
0.8716666666666665,0.001
0.8786666666666665,0.0013333333333333335
0.8836666666666668,0.0013333333333333335
0.8886666666666665,0.0016666666666666666
0.893,0.0016666666666666666
0.9,0.002
0.9039999999999999,0.002
0.9063333333333332,0.002
0.9109999999999999,0.0023333333333333335
0.9156666666666666,0.0023333333333333335
0.9213333333333333,0.0023333333333333335
0.9253333333333333,0.002666666666666667
0.9303333333333335,0.002666666666666667
0.9366666666666668,0.003
0.9390000000000001,0.003
0.942,0.0036666666666666666
0.9446666666666665,0.004
0.9476666666666667,0.004
0.9503333333333333,0.004
0.952,0.004
0.9570000000000001,0.004333333333333333
0.9576666666666667,0.004333333333333333
0.9596666666666666,0.005
0.9616666666666667,0.005
0.9643333333333333,0.006
0.9656666666666667,0.007333333333333333
0.9683333333333334,0.007999999999999998
0.9696666666666667,0.009
0.9706666666666667,0.009333333333333332
0.9716666666666667,0.010333333333333333
0.9730000000000001,0.010666666666666666
0.9746666666666666,0.012
0.9756666666666666,0.013999999999999999
0.9776666666666667,0.016
0.9790000000000001,0.018333333333333333
0.9796666666666667,0.019999999999999997
0.9799999999999999,0.021333333333333336
0.9810000000000001,0.023333333333333338
0.9823333333333334,0.024333333333333332
0.9840000000000002,0.027000000000000003
0.9853333333333334,0.03
0.9853333333333334,0.03266666666666668
0.9863333333333333,0.03533333333333333
0.9869999999999999,0.03833333333333333
0.9876666666666667,0.04333333333333333
0.9893333333333333,0.04866666666666667
0.9903333333333334,0.052666666666666674
0.9913333333333334,0.058666666666666666
0.992,0.06266666666666668
0.9923333333333334,0.06999999999999999
0.994,0.07766666666666668
0.9949999999999999,0.08533333333333333
0.9953333333333333,0.092
0.9953333333333333,0.09966666666666667
0.9960000000000001,0.10700000000000001
0.9963333333333333,0.11633333333333333
0.9966666666666667,0.127
0.9969999999999999,0.13699999999999998
0.9973333333333333,0.14600000000000002
0.9973333333333333,0.15500000000000003
0.9973333333333333,0.1643333333333333
0.9973333333333333,0.17733333333333332
0.9973333333333333,0.19033333333333333
0.9973333333333333,0.2026666666666667
0.998,0.219
0.9986666666666666,0.23199999999999998
0.9986666666666666,0.24566666666666664
0.9986666666666666,0.263
0.999,0.27899999999999997
0.999,0.29700000000000004
0.999,0.31066666666666665
0.999,0.32799999999999996
0.9996666666666666,0.346
1.0,0.3703333333333333
1.0,0.39033333333333337
1.0,0.41166666666666674
1.0,0.434
1.0,0.45666666666666667
1.0,0.47433333333333333
1.0,0.49800000000000005
1.0,0.5189999999999999
1.0,0.5413333333333334
1.0,0.565
1.0,0.5890000000000001
1.0,0.6116666666666666
1.0,0.633
1.0,0.6486666666666667
1.0,0.6726666666666666
1.0,0.689
1.0,0.7053333333333334
1.0,0.7283333333333333
1.0,0.7486666666666667
1.0,0.764
1.0,0.7809999999999999
1.0,0.7986666666666666
1.0,0.8130000000000001
1.0,0.8273333333333334
1.0,0.8386666666666667
1.0,0.8536666666666667
1.0,0.8663333333333334
1.0,0.8786666666666667
1.0,0.89
1.0,0.9016666666666667
1.0,0.9116666666666667
1.0,0.9206666666666667
1.0,0.9316666666666666
1.0,0.9406666666666667
1.0,0.9470000000000001
1.0,0.951
1.0,0.9543333333333333
1.0,0.9586666666666668
1.0,0.9633333333333335
1.0,0.9669999999999999
1.0,0.9723333333333333
1.0,0.9783333333333333
1.0,0.9813333333333333
1.0,0.985
1.0,0.9870000000000001
1.0,0.9873333333333333
1.0,0.9883333333333333
1.0,0.9890000000000001
1.0,0.9909999999999999
1.0,0.9933333333333334
1.0,0.994
1.0,0.9943333333333333
1.0,0.9949999999999999
1.0,0.9953333333333333
1.0,0.9953333333333333
1.0,0.9966666666666667
1.0,0.9976666666666667
1.0,0.998
1.0,0.9983333333333334
1.0,0.999
1.0,0.999
1.0,0.9993333333333332
1.0,0.9993333333333332
1.0,0.9993333333333332
1.0,0.9993333333333332
1.0,0.9993333333333332
1.0,0.9993333333333332
1.0,0.9993333333333332
1.0,0.9993333333333332
1.0,0.9996666666666666
1.0,0.9996666666666666
1.0,0.9996666666666666
1.0,1.0
1.0,1.0
1.0,1.0
1.0,1.0
1.0,1.0
1.0,1.0
1.0,1.0
1.0,1.0
1.0,1.0
1.0,1.0
1.0,1.0
1.0,1.0
1.0,1.0
1.0,1.0
1.0,1.0
1.0,1.0
1.0,1.0
1.0,1.0
1.0,1.0
1.0,1.0
1.0,1.0
1.0,1.0
1.0,1.0
1.0,1.0
1.0,1.0
1.0,1.0
1.0,1.0
1.0,1.0
1.0,1.0
1.0,1.0
1.0,1.0
1.0,1.0
1.0,1.0
1.0,1.0
1.0,1.0
1.0,1.0
1.0,1.0
1.0,1.0
1.0,1.0
1.0,1.0
1.0,1.0
1.0,1.0
1.0,1.0
1.0,1.0
1.0,1.0
1.0,1.0
1.0,1.0
1.0,1.0
1.0,1.0
1.0,1.0
1.0,1.0
1.0,1.0
1.0,1.0
1.0,1.0
1.0,1.0
1.0,1.0
1.0,1.0
1.0,1.0
1.0,1.0
1.0,1.0
1.0,1.0
1.0,1.0
1.0,1.0
1.0,1.0
1.0,1.0
1.0,1.0
1.0,1.0
1.0,1.0
1.0,1.0
1.0,1.0
1.0,1.0
1.0,1.0
1.0,1.0
1.0,1.0
1.0,1.0
1.0,1.0
1.0,1.0
1.0,1.0
1.0,1.0
1.0,1.0
1.0,1.0
1.0,1.0
1.0,1.0
1.0,1.0
1.0,1.0
1.0,1.0
1.0,1.0
1.0,1.0
1.0,1.0
1.0,1.0
1.0,1.0
1.0,1.0
1.0,1.0
1.0,1.0
1.0,1.0
1.0,1.0
1.0,1.0
1.0,1.0
1.0,1.0
1.0,1.0
1.0,1.0
1.0,1.0
1.0,1.0
1.0,1.0
1.0,1.0
1.0,1.0
1.0,1.0
1.0,1.0
1.0,1.0
1.0,1.0
1.0,1.0
1.0,1.0
1.0,1.0
1.0,1.0
1.0,1.0
1.0,1.0
1.0,1.0
1.0,1.0
1.0,1.0
1.0,1.0
1.0,1.0
1.0,1.0
1.0,1.0
1.0,1.0
1.0,1.0
1.0,1.0
1.0,1.0
1.0,1.0
1.0,1.0
1.0,1.0
1.0,1.0
1.0,1.0
1.0,1.0
1.0,1.0
1.0,1.0
1.0,1.0
1.0,1.0
1.0,1.0
1.0,1.0
1.0,1.0
1.0,1.0
1.0,1.0
1.0,1.0
1.0,1.0
1.0,1.0
1.0,1.0
1.0,1.0
1.0,1.0
1.0,1.0
1.0,1.0
1.0,1.0
1.0,1.0
1.0,1.0
1.0,1.0
1.0,1.0
1.0,1.0
1.0,1.0
1.0,1.0
1.0,1.0
1.0,1.0
1.0,1.0
1.0,1.0
1.0,1.0
1.0,1.0
1.0,1.0
1.0,1.0
1.0,1.0
1.0,1.0
1.0,1.0
1.0,1.0
1.0,1.0
1.0,1.0
1.0,1.0
1.0,1.0
1.0,1.0
1.0,1.0
1.0,1.0
1.0,1.0
1.0,1.0
1.0,1.0
1.0,1.0
1.0,1.0
1.0,1.0
1.0,1.0
1.0,1.0
1.0,1.0
1.0,1.0
1.0,1.0
1.0,1.0
1.0,1.0
1.0,1.0
1.0,1.0
1.0,1.0
1.0,1.0
1.0,1.0
1.0,1.0
1.0,1.0
1.0,1.0
1.0,1.0
1.0,1.0
1.0,1.0
1.0,1.0
1.0,1.0
1.0,1.0
1.0,1.0
1.0,1.0
1.0,1.0
1.0,1.0
1.0,1.0
1.0,1.0
1.0,1.0
1.0,1.0
1.0,1.0
1.0,1.0
1.0,1.0
1.0,1.0
1.0,1.0
1.0,1.0
1.0,1.0
1.0,1.0
1.0,1.0
1.0,1.0
1.0,1.0
1.0,1.0
1.0,1.0
1.0,1.0
1.0,1.0
1.0,1.0
1.0,1.0
1.0,1.0
1.0,1.0
1.0,1.0
1.0,1.0
1.0,1.0
1.0,1.0
1.0,1.0
1.0,1.0
1.0,1.0
1.0,1.0
1.0,1.0
1.0,1.0
1.0,1.0
1.0,1.0
1.0,1.0
1.0,1.0
1.0,1.0
1.0,1.0
1.0,1.0
1.0,1.0
1.0,1.0
1.0,1.0
1.0,1.0
1.0,1.0
1.0,1.0
1.0,1.0
1.0,1.0
1.0,1.0
1.0,1.0
1.0,1.0
1.0,1.0
1.0,1.0
1.0,1.0
1.0,1.0
1.0,1.0
1.0,1.0
1.0,1.0
1.0,1.0
1.0,1.0
1.0,1.0
1.0,1.0
1.0,1.0
1.0,1.0
1.0,1.0
1.0,1.0
1.0,1.0
1.0,1.0
1.0,1.0
1.0,1.0
1.0,1.0
1.0,1.0
1.0,1.0
1.0,1.0
1.0,1.0
1.0,1.0
1.0,1.0
1.0,1.0
1.0,1.0
1.0,1.0
1.0,1.0
1.0,1.0
1.0,1.0
1.0,1.0
1.0,1.0
1.0,1.0
1.0,1.0
1.0,1.0
1.0,1.0
1.0,1.0
1.0,1.0
1.0,1.0
1.0,1.0
1.0,1.0
1.0,1.0
1.0,1.0
1.0,1.0
1.0,1.0
1.0,1.0
1.0,1.0
1.0,1.0
1.0,1.0
1.0,1.0
1.0,1.0
1.0,1.0
1.0,1.0
1.0,1.0
1.0,1.0
1.0,1.0
1.0,1.0
1.0,1.0
1.0,1.0
1.0,1.0
1.0,1.0
1.0,1.0
1.0,1.0
1.0,1.0
1.0,1.0
1.0,1.0
1.0,1.0
1.0,1.0
1.0,1.0
1.0,1.0
1.0,1.0
1.0,1.0
1.0,1.0
1.0,1.0
1.0,1.0
1.0,1.0
1.0,1.0
1.0,1.0
1.0,1.0
1.0,1.0
1.0,1.0
1.0,1.0
1.0,1.0
1.0,1.0
1.0,1.0
1.0,1.0
1.0,1.0
1.0,1.0
1.0,1.0
1.0,1.0
1.0,1.0
1.0,1.0
1.0,1.0
1.0,1.0
1.0,1.0
1.0,1.0
1.0,1.0
1.0,1.0
1.0,1.0
1.0,1.0
1.0,1.0
1.0,1.0
1.0,1.0
1.0,1.0
1.0,1.0
1.0,1.0
1.0,1.0
1.0,1.0
1.0,1.0
1.0,1.0
1.0,1.0
1.0,1.0
1.0,1.0
1.0,1.0
1.0,1.0
1.0,1.0
1.0,1.0
1.0,1.0
1.0,1.0
1.0,1.0
1.0,1.0
1.0,1.0
1.0,1.0
1.0,1.0
1.0,1.0
1.0,1.0
1.0,1.0
1.0,1.0
1.0,1.0
1.0,1.0
1.0,1.0
1.0,1.0
1.0,1.0
1.0,1.0
1.0,1.0
1.0,1.0
1.0,1.0
1.0,1.0
1.0,1.0
1.0,1.0
1.0,1.0
1.0,1.0
1.0,1.0
1.0,1.0
1.0,1.0
1.0,1.0
1.0,1.0
1.0,1.0
1.0,1.0
1.0,1.0
1.0,1.0
1.0,1.0
1.0,1.0
1.0,1.0
1.0,1.0
1.0,1.0
1.0,1.0
1.0,1.0
1.0,1.0
1.0,1.0
1.0,1.0
1.0,1.0
1.0,1.0
1.0,1.0
1.0,1.0
1.0,1.0
1.0,1.0
1.0,1.0
1.0,1.0
1.0,1.0
1.0,1.0
1.0,1.0
1.0,1.0
1.0,1.0
1.0,1.0
1.0,1.0
1.0,1.0
1.0,1.0
1.0,1.0
1.0,1.0
1.0,1.0
1.0,1.0
1.0,1.0
1.0,1.0
1.0,1.0
1.0,1.0
1.0,1.0
1.0,1.0
1.0,1.0
1.0,1.0
1.0,1.0
1.0,1.0
1.0,1.0
1.0,1.0
1.0,1.0
1.0,1.0
1.0,1.0
1.0,1.0
1.0,1.0
1.0,1.0
1.0,1.0
1.0,1.0
1.0,1.0
1.0,1.0
1.0,1.0
1.0,1.0
1.0,1.0
1.0,1.0
1.0,1.0
1.0,1.0
1.0,1.0
1.0,1.0
1.0,1.0
1.0,1.0
1.0,1.0
1.0,1.0
1.0,1.0
1.0,1.0
1.0,1.0
1.0,1.0
1.0,1.0
1.0,1.0
1.0,1.0
1.0,1.0
1.0,1.0
1.0,1.0
1.0,1.0
1.0,1.0
1.0,1.0
1.0,1.0
1.0,1.0
1.0,1.0
1.0,1.0
1.0,1.0
1.0,1.0
1.0,1.0
1.0,1.0
1.0,1.0
1.0,1.0
1.0,1.0
1.0,1.0
1.0,1.0
1.0,1.0
1.0,1.0
1.0,1.0
1.0,1.0
1.0,1.0
1.0,1.0
1.0,1.0
1.0,1.0
1.0,1.0
1.0,1.0
1.0,1.0
1.0,1.0
1.0,1.0
1.0,1.0
1.0,1.0
1.0,1.0
1.0,1.0
1.0,1.0
1.0,1.0
1.0,1.0
1.0,1.0
1.0,1.0
1.0,1.0
1.0,1.0
1.0,1.0
1.0,1.0
1.0,1.0
1.0,1.0
1.0,1.0
1.0,1.0
1.0,1.0
1.0,1.0
1.0,1.0
1.0,1.0
1.0,1.0
1.0,1.0
1.0,1.0
1.0,1.0
1.0,1.0
1.0,1.0
1.0,1.0
1.0,1.0
1.0,1.0
1.0,1.0
1.0,1.0
1.0,1.0
1.0,1.0
1.0,1.0
1.0,1.0
1.0,1.0
1.0,1.0
1.0,1.0
1.0,1.0
1.0,1.0
1.0,1.0
1.0,1.0
1.0,1.0
1.0,1.0
1.0,1.0
1.0,1.0
1.0,1.0
1.0,1.0
1.0,1.0
1.0,1.0
1.0,1.0
1.0,1.0
1.0,1.0
1.0,1.0
1.0,1.0
1.0,1.0
1.0,1.0
1.0,1.0
1.0,1.0
1.0,1.0
1.0,1.0
1.0,1.0
1.0,1.0
1.0,1.0
1.0,1.0
1.0,1.0
1.0,1.0
1.0,1.0
1.0,1.0
1.0,1.0
1.0,1.0
1.0,1.0
1.0,1.0
1.0,1.0
1.0,1.0
1.0,1.0
1.0,1.0
1.0,1.0
1.0,1.0
1.0,1.0
1.0,1.0
1.0,1.0
1.0,1.0
1.0,1.0
1.0,1.0
1.0,1.0
1.0,1.0
1.0,1.0
1.0,1.0
1.0,1.0
1.0,1.0
1.0,1.0
1.0,1.0
1.0,1.0
1.0,1.0
1.0,1.0
1.0,1.0
1.0,1.0
1.0,1.0
1.0,1.0
1.0,1.0
1.0,1.0
1.0,1.0
1.0,1.0
1.0,1.0
1.0,1.0
1.0,1.0
1.0,1.0
1.0,1.0
1.0,1.0
1.0,1.0
1.0,1.0
1.0,1.0
1.0,1.0
1.0,1.0
1.0,1.0
1.0,1.0
1.0,1.0
1.0,1.0
1.0,1.0
1.0,1.0
1.0,1.0
1.0,1.0
1.0,1.0
1.0,1.0
1.0,1.0
1.0,1.0
1.0,1.0
1.0,1.0
1.0,1.0
1.0,1.0
1.0,1.0
1.0,1.0
1.0,1.0
1.0,1.0
1.0,1.0
1.0,1.0
1.0,1.0
1.0,1.0
1.0,1.0
1.0,1.0
1.0,1.0
1.0,1.0
1.0,1.0
1.0,1.0
1.0,1.0
1.0,1.0
1.0,1.0
1.0,1.0
1.0,1.0
1.0,1.0
1.0,1.0
1.0,1.0
1.0,1.0
1.0,1.0
1.0,1.0
1.0,1.0
1.0,1.0
1.0,1.0
1.0,1.0
1.0,1.0
1.0,1.0
1.0,1.0
1.0,1.0
1.0,1.0
1.0,1.0
1.0,1.0
1.0,1.0
1.0,1.0
1.0,1.0
1.0,1.0
1.0,1.0
1.0,1.0
1.0,1.0
1.0,1.0
1.0,1.0
1.0,1.0
1.0,1.0
1.0,1.0
1.0,1.0
1.0,1.0
1.0,1.0
1.0,1.0
1.0,1.0
1.0,1.0
1.0,1.0
1.0,1.0
1.0,1.0
1.0,1.0
1.0,1.0
1.0,1.0
1.0,1.0
1.0,1.0
1.0,1.0
1.0,1.0
1.0,1.0
1.0,1.0
1.0,1.0
1.0,1.0
1.0,1.0
1.0,1.0
1.0,1.0
1.0,1.0
1.0,1.0
1.0,1.0
1.0,1.0
1.0,1.0
1.0,1.0
1.0,1.0
1.0,1.0
1.0,1.0
1.0,1.0
1.0,1.0
1.0,1.0
1.0,1.0
1.0,1.0
1.0,1.0
1.0,1.0
1.0,1.0
1.0,1.0
1.0,1.0
1.0,1.0
1.0,1.0
1.0,1.0
1.0,1.0
1.0,1.0
1.0,1.0
1.0,1.0
1.0,1.0
1.0,1.0
1.0,1.0
1.0,1.0
1.0,1.0
1.0,1.0
1.0,1.0
1.0,1.0
1.0,1.0
1.0,1.0
1.0,1.0
1.0,1.0
1.0,1.0
1.0,1.0
1.0,1.0
1.0,1.0
1.0,1.0
1.0,1.0
1.0,1.0
1.0,1.0
1.0,1.0
1.0,1.0
1.0,1.0
1.0,1.0
1.0,1.0
1.0,1.0
1.0,1.0
1.0,1.0
1.0,1.0
1.0,1.0
1.0,1.0
1.0,1.0
1.0,1.0
1.0,1.0
1.0,1.0
1.0,1.0
1.0,1.0
1.0,1.0
1.0,1.0
1.0,1.0
1.0,1.0
1.0,1.0
1.0,1.0
1.0,1.0
1.0,1.0
1.0,1.0
1.0,1.0
1.0,1.0
1.0,1.0
1.0,1.0
1.0,1.0
1.0,1.0
1.0,1.0
1.0,1.0
1.0,1.0
1.0,1.0
1.0,1.0
1.0,1.0
1.0,1.0
1.0,1.0
1.0,1.0
1.0,1.0
1.0,1.0
1.0,1.0
1.0,1.0
1.0,1.0
1.0,1.0
1.0,1.0
1.0,1.0
1.0,1.0
1.0,1.0
1.0,1.0
1.0,1.0
1.0,1.0
1.0,1.0
1.0,1.0
1.0,1.0
1.0,1.0
1.0,1.0
1.0,1.0
1.0,1.0
1.0,1.0
1.0,1.0
1.0,1.0
1.0,1.0
1.0,1.0
1.0,1.0
1.0,1.0
1.0,1.0
1.0,1.0
1.0,1.0
1.0,1.0
1.0,1.0
1.0,1.0
1.0,1.0
1.0,1.0
1.0,1.0
1.0,1.0
1.0,1.0
1.0,1.0
1.0,1.0
1.0,1.0
1.0,1.0
1.0,1.0
1.0,1.0
1.0,1.0
1.0,1.0
1.0,1.0
1.0,1.0
1.0,1.0
1.0,1.0
1.0,1.0
1.0,1.0
1.0,1.0
1.0,1.0
1.0,1.0
1.0,1.0
1.0,1.0
1.0,1.0
1.0,1.0
1.0,1.0
1.0,1.0
1.0,1.0
1.0,1.0
1.0,1.0
1.0,1.0
1.0,1.0
1.0,1.0
1.0,1.0
1.0,1.0
1.0,1.0
1.0,1.0
1.0,1.0
1.0,1.0
1.0,1.0
1.0,1.0
1.0,1.0
1.0,1.0
1.0,1.0
1.0,1.0
1.0,1.0
1.0,1.0
1.0,1.0
1.0,1.0
1.0,1.0
1.0,1.0
1.0,1.0
1.0,1.0
1.0,1.0
1.0,1.0
1.0,1.0
1.0,1.0
1.0,1.0
1.0,1.0
1.0,1.0
1.0,1.0
1.0,1.0
1.0,1.0
1.0,1.0
1.0,1.0
1.0,1.0
1.0,1.0
1.0,1.0
1.0,1.0
1.0,1.0
1.0,1.0
1.0,1.0
1.0,1.0
1.0,1.0
1.0,1.0
1.0,1.0
1.0,1.0
1.0,1.0
1.0,1.0
1.0,1.0
1.0,1.0
1.0,1.0
1.0,1.0
1.0,1.0
1.0,1.0
1.0,1.0
1.0,1.0
1.0,1.0
1.0,1.0
1.0,1.0
1.0,1.0
1.0,1.0
1.0,1.0
1.0,1.0
1.0,1.0
1.0,1.0
1.0,1.0
1.0,1.0
1.0,1.0
1.0,1.0
1.0,1.0
1.0,1.0
1.0,1.0
1.0,1.0
1.0,1.0
1.0,1.0
1.0,1.0
1.0,1.0
1.0,1.0
1.0,1.0
1.0,1.0
1.0,1.0
1.0,1.0
1.0,1.0
1.0,1.0
1.0,1.0
1.0,1.0
1.0,1.0
1.0,1.0
1.0,1.0
1.0,1.0
1.0,1.0
1.0,1.0
1.0,1.0
1.0,1.0
1.0,1.0
1.0,1.0
1.0,1.0
1.0,1.0
1.0,1.0
1.0,1.0
1.0,1.0
1.0,1.0
1.0,1.0
1.0,1.0
1.0,1.0
1.0,1.0
1.0,1.0
1.0,1.0
1.0,1.0
1.0,1.0
1.0,1.0
1.0,1.0
1.0,1.0
1.0,1.0
1.0,1.0
1.0,1.0
1.0,1.0
1.0,1.0
1.0,1.0
1.0,1.0
1.0,1.0
1.0,1.0
1.0,1.0
1.0,1.0
1.0,1.0
1.0,1.0
1.0,1.0
1.0,1.0
1.0,1.0
1.0,1.0
1.0,1.0
1.0,1.0
1.0,1.0
1.0,1.0
1.0,1.0
1.0,1.0
1.0,1.0
1.0,1.0
1.0,1.0
1.0,1.0
1.0,1.0
1.0,1.0
1.0,1.0
1.0,1.0
1.0,1.0
1.0,1.0
1.0,1.0
1.0,1.0
1.0,1.0
1.0,1.0
1.0,1.0
1.0,1.0
1.0,1.0
1.0,1.0
1.0,1.0
1.0,1.0
1.0,1.0
1.0,1.0
1.0,1.0
1.0,1.0
1.0,1.0
1.0,1.0
1.0,1.0
1.0,1.0
1.0,1.0
1.0,1.0
1.0,1.0
1.0,1.0
1.0,1.0
1.0,1.0
1.0,1.0
1.0,1.0
1.0,1.0
1.0,1.0
1.0,1.0
1.0,1.0
1.0,1.0
1.0,1.0
1.0,1.0
1.0,1.0
1.0,1.0
1.0,1.0
1.0,1.0
1.0,1.0
1.0,1.0
1.0,1.0
1.0,1.0
1.0,1.0
1.0,1.0
1.0,1.0
1.0,1.0
1.0,1.0
1.0,1.0
1.0,1.0
1.0,1.0
1.0,1.0
1.0,1.0
1.0,1.0
1.0,1.0
1.0,1.0
1.0,1.0
1.0,1.0
1.0,1.0
1.0,1.0
1.0,1.0
1.0,1.0
1.0,1.0
1.0,1.0
1.0,1.0
1.0,1.0
1.0,1.0
1.0,1.0
1.0,1.0
1.0,1.0
1.0,1.0
1.0,1.0
1.0,1.0
1.0,1.0
1.0,1.0
1.0,1.0
1.0,1.0
1.0,1.0
1.0,1.0
1.0,1.0
1.0,1.0
1.0,1.0
1.0,1.0
1.0,1.0
1.0,1.0
1.0,1.0
1.0,1.0
1.0,1.0
1.0,1.0
1.0,1.0
1.0,1.0
1.0,1.0
1.0,1.0
1.0,1.0
1.0,1.0
1.0,1.0
1.0,1.0
1.0,1.0
1.0,1.0
1.0,1.0
1.0,1.0
1.0,1.0
1.0,1.0
1.0,1.0
1.0,1.0
1.0,1.0
1.0,1.0
1.0,1.0
1.0,1.0
1.0,1.0
1.0,1.0
1.0,1.0
1.0,1.0
1.0,1.0
1.0,1.0
1.0,1.0
1.0,1.0
1.0,1.0
1.0,1.0
1.0,1.0
1.0,1.0
1.0,1.0
1.0,1.0
1.0,1.0
1.0,1.0
1.0,1.0
1.0,1.0
1.0,1.0
1.0,1.0
1.0,1.0
1.0,1.0
1.0,1.0
1.0,1.0
1.0,1.0
1.0,1.0
1.0,1.0
1.0,1.0
1.0,1.0
1.0,1.0
1.0,1.0
1.0,1.0
1.0,1.0
1.0,1.0
1.0,1.0
1.0,1.0
1.0,1.0
1.0,1.0
1.0,1.0
1.0,1.0
1.0,1.0
1.0,1.0
1.0,1.0
1.0,1.0
1.0,1.0
1.0,1.0
1.0,1.0
1.0,1.0
1.0,1.0
1.0,1.0
1.0,1.0
1.0,1.0
1.0,1.0
1.0,1.0
1.0,1.0
1.0,1.0
1.0,1.0
1.0,1.0
1.0,1.0
1.0,1.0
1.0,1.0
1.0,1.0
1.0,1.0
1.0,1.0
1.0,1.0
1.0,1.0
1.0,1.0
1.0,1.0
1.0,1.0
1.0,1.0
1.0,1.0
1.0,1.0
1.0,1.0
1.0,1.0
1.0,1.0
1.0,1.0
1.0,1.0
1.0,1.0
1.0,1.0
1.0,1.0
1.0,1.0
1.0,1.0
1.0,1.0
1.0,1.0
1.0,1.0
1.0,1.0
1.0,1.0
1.0,1.0
1.0,1.0
1.0,1.0
1.0,1.0
1.0,1.0
1.0,1.0
1.0,1.0
1.0,1.0
1.0,1.0
1.0,1.0
1.0,1.0
1.0,1.0
1.0,1.0
1.0,1.0
1.0,1.0
1.0,1.0
1.0,1.0
1.0,1.0
1.0,1.0
1.0,1.0
1.0,1.0
1.0,1.0
1.0,1.0
1.0,1.0
1.0,1.0
1.0,1.0
1.0,1.0
1.0,1.0
1.0,1.0
1.0,1.0
1.0,1.0
1.0,1.0
1.0,1.0
1.0,1.0
1.0,1.0
1.0,1.0
1.0,1.0
1.0,1.0
1.0,1.0
1.0,1.0
1.0,1.0
1.0,1.0
1.0,1.0
1.0,1.0
1.0,1.0
1.0,1.0
1.0,1.0
1.0,1.0
1.0,1.0
1.0,1.0
1.0,1.0
1.0,1.0
1.0,1.0
1.0,1.0
1.0,1.0
1.0,1.0
1.0,1.0
1.0,1.0
1.0,1.0
1.0,1.0
1.0,1.0
1.0,1.0
1.0,1.0
1.0,1.0
1.0,1.0
1.0,1.0
1.0,1.0
1.0,1.0
1.0,1.0
1.0,1.0
1.0,1.0
1.0,1.0
1.0,1.0
1.0,1.0
1.0,1.0
1.0,1.0
1.0,1.0
1.0,1.0
1.0,1.0
1.0,1.0
1.0,1.0
1.0,1.0
1.0,1.0
1.0,1.0
1.0,1.0
1.0,1.0
1.0,1.0
1.0,1.0
1.0,1.0
1.0,1.0
1.0,1.0
1.0,1.0
1.0,1.0
1.0,1.0
1.0,1.0
1.0,1.0
1.0,1.0
1.0,1.0
1.0,1.0
1.0,1.0
1.0,1.0
1.0,1.0
1.0,1.0
1.0,1.0
1.0,1.0
1.0,1.0
1.0,1.0
1.0,1.0
1.0,1.0
1.0,1.0
1.0,1.0
1.0,1.0
1.0,1.0
1.0,1.0
1.0,1.0
1.0,1.0
1.0,1.0
1.0,1.0
1.0,1.0
1.0,1.0
1.0,1.0
1.0,1.0
1.0,1.0
1.0,1.0
1.0,1.0
1.0,1.0
1.0,1.0
1.0,1.0
1.0,1.0
1.0,1.0
1.0,1.0
1.0,1.0
1.0,1.0
1.0,1.0
1.0,1.0
1.0,1.0
1.0,1.0
1.0,1.0
1.0,1.0
1.0,1.0
1.0,1.0
1.0,1.0
1.0,1.0
1.0,1.0
1.0,1.0
1.0,1.0
1.0,1.0
1.0,1.0
1.0,1.0
1.0,1.0
1.0,1.0
1.0,1.0
1.0,1.0
1.0,1.0
1.0,1.0
1.0,1.0
1.0,1.0
1.0,1.0
1.0,1.0
1.0,1.0
1.0,1.0
1.0,1.0
1.0,1.0
1.0,1.0
1.0,1.0
1.0,1.0
1.0,1.0
1.0,1.0
1.0,1.0
1.0,1.0
1.0,1.0
1.0,1.0
1.0,1.0
1.0,1.0
1.0,1.0
1.0,1.0
1.0,1.0
1.0,1.0
1.0,1.0
1.0,1.0
1.0,1.0
1.0,1.0
1.0,1.0
1.0,1.0
1.0,1.0
1.0,1.0
1.0,1.0
1.0,1.0
1.0,1.0
1.0,1.0
1.0,1.0
1.0,1.0
1.0,1.0
1.0,1.0
1.0,1.0
1.0,1.0
1.0,1.0
1.0,1.0
1.0,1.0
1.0,1.0
1.0,1.0
1.0,1.0
1.0,1.0
1.0,1.0
1.0,1.0
1.0,1.0
1.0,1.0
1.0,1.0
1.0,1.0
1.0,1.0
1.0,1.0
1.0,1.0
1.0,1.0
1.0,1.0
1.0,1.0
1.0,1.0
1.0,1.0
1.0,1.0
1.0,1.0
1.0,1.0
1.0,1.0
1.0,1.0
1.0,1.0
1.0,1.0
1.0,1.0
1.0,1.0
1.0,1.0
1.0,1.0
1.0,1.0
1.0,1.0
1.0,1.0
1.0,1.0
1.0,1.0
1.0,1.0
1.0,1.0
1.0,1.0
1.0,1.0
1.0,1.0
1.0,1.0
1.0,1.0
1.0,1.0
1.0,1.0
1.0,1.0
1.0,1.0
1.0,1.0
1.0,1.0
1.0,1.0
1.0,1.0
1.0,1.0
1.0,1.0
1.0,1.0
1.0,1.0
1.0,1.0
1.0,1.0
1.0,1.0
1.0,1.0
1.0,1.0
1.0,1.0
1.0,1.0
1.0,1.0
1.0,1.0
1.0,1.0
1.0,1.0
1.0,1.0
1.0,1.0
1.0,1.0
1.0,1.0
1.0,1.0
1.0,1.0
1.0,1.0
1.0,1.0
1.0,1.0
1.0,1.0
1.0,1.0
1.0,1.0
1.0,1.0
1.0,1.0
1.0,1.0
1.0,1.0
1.0,1.0
1.0,1.0
1.0,1.0
1.0,1.0
1.0,1.0
1.0,1.0
1.0,1.0
1.0,1.0
1.0,1.0
1.0,1.0
1.0,1.0
1.0,1.0
1.0,1.0
1.0,1.0
1.0,1.0
1.0,1.0
1.0,1.0
1.0,1.0
1.0,1.0
1.0,1.0
1.0,1.0
1.0,1.0
1.0,1.0
1.0,1.0
1.0,1.0
1.0,1.0
1.0,1.0
1.0,1.0
1.0,1.0
1.0,1.0
1.0,1.0
1.0,1.0
1.0,1.0
1.0,1.0
1.0,1.0
1.0,1.0
1.0,1.0
1.0,1.0
1.0,1.0
1.0,1.0
1.0,1.0
1.0,1.0
1.0,1.0
1.0,1.0
1.0,1.0
1.0,1.0
1.0,1.0
1.0,1.0
1.0,1.0
1.0,1.0
1.0,1.0
1.0,1.0
1.0,1.0
1.0,1.0
1.0,1.0
1.0,1.0
1.0,1.0
1.0,1.0
1.0,1.0
1.0,1.0
1.0,1.0
1.0,1.0
1.0,1.0
1.0,1.0
1.0,1.0
1.0,1.0
1.0,1.0
1.0,1.0
1.0,1.0
1.0,1.0
1.0,1.0
1.0,1.0
1.0,1.0
1.0,1.0
1.0,1.0
1.0,1.0
1.0,1.0
1.0,1.0
1.0,1.0
1.0,1.0
1.0,1.0
1.0,1.0
1.0,1.0
1.0,1.0
1.0,1.0
1.0,1.0
1.0,1.0
1.0,1.0
1.0,1.0
1.0,1.0
1.0,1.0
1.0,1.0
1.0,1.0
1.0,1.0
1.0,1.0
1.0,1.0
1.0,1.0
1.0,1.0
1.0,1.0
1.0,1.0
1.0,1.0
1.0,1.0
1.0,1.0
1.0,1.0
1.0,1.0
1.0,1.0
1.0,1.0
1.0,1.0
1.0,1.0
1.0,1.0
1.0,1.0
1.0,1.0
1.0,1.0
1.0,1.0
1.0,1.0
1.0,1.0
1.0,1.0
1.0,1.0
1.0,1.0
1.0,1.0
1.0,1.0
1.0,1.0
1.0,1.0
1.0,1.0
1.0,1.0
1.0,1.0
1.0,1.0
1.0,1.0
1.0,1.0
1.0,1.0
1.0,1.0
1.0,1.0
1.0,1.0
1.0,1.0
1.0,1.0
1.0,1.0
1.0,1.0
1.0,1.0
1.0,1.0
1.0,1.0
1.0,1.0
1.0,1.0
1.0,1.0
1.0,1.0
1.0,1.0
1.0,1.0
1.0,1.0
1.0,1.0
1.0,1.0
1.0,1.0
1.0,1.0
1.0,1.0
1.0,1.0
1.0,1.0
1.0,1.0
1.0,1.0
1.0,1.0
1.0,1.0
1.0,1.0
1.0,1.0
1.0,1.0
1.0,1.0
1.0,1.0
1.0,1.0
1.0,1.0
1.0,1.0
1.0,1.0
1.0,1.0
1.0,1.0
1.0,1.0
1.0,1.0
1.0,1.0
1.0,1.0
1.0,1.0
1.0,1.0
1.0,1.0
1.0,1.0
1.0,1.0
1.0,1.0
1.0,1.0
1.0,1.0
1.0,1.0
1.0,1.0
1.0,1.0
1.0,1.0
1.0,1.0
1.0,1.0
1.0,1.0
1.0,1.0
1.0,1.0
1.0,1.0
1.0,1.0
1.0,1.0
1.0,1.0
1.0,1.0
1.0,1.0
1.0,1.0
1.0,1.0
1.0,1.0
1.0,1.0
1.0,1.0
1.0,1.0
1.0,1.0
1.0,1.0
1.0,1.0
1.0,1.0
1.0,1.0
1.0,1.0
1.0,1.0
1.0,1.0
1.0,1.0
1.0,1.0
1.0,1.0
1.0,1.0
1.0,1.0
1.0,1.0
1.0,1.0
1.0,1.0
1.0,1.0
1.0,1.0
1.0,1.0
1.0,1.0
1.0,1.0
1.0,1.0
1.0,1.0
1.0,1.0
1.0,1.0
1.0,1.0
1.0,1.0
1.0,1.0
1.0,1.0
1.0,1.0
1.0,1.0
1.0,1.0
1.0,1.0
1.0,1.0
1.0,1.0
1.0,1.0
1.0,1.0
1.0,1.0
1.0,1.0
1.0,1.0
1.0,1.0
1.0,1.0
1.0,1.0
1.0,1.0
1.0,1.0
1.0,1.0
1.0,1.0
1.0,1.0
1.0,1.0
1.0,1.0
1.0,1.0
1.0,1.0
1.0,1.0
1.0,1.0
1.0,1.0
1.0,1.0
1.0,1.0
1.0,1.0
1.0,1.0
1.0,1.0
1.0,1.0
1.0,1.0
1.0,1.0
1.0,1.0
1.0,1.0
1.0,1.0
1.0,1.0
1.0,1.0
1.0,1.0
1.0,1.0
1.0,1.0
1.0,1.0
1.0,1.0
1.0,1.0
1.0,1.0
1.0,1.0
1.0,1.0
1.0,1.0
1.0,1.0
1.0,1.0
1.0,1.0
1.0,1.0
1.0,1.0
1.0,1.0
1.0,1.0
1.0,1.0
1.0,1.0
1.0,1.0
1.0,1.0
1.0,1.0
1.0,1.0
1.0,1.0
1.0,1.0
1.0,1.0
1.0,1.0
1.0,1.0
1.0,1.0
1.0,1.0
1.0,1.0
1.0,1.0
1.0,1.0
1.0,1.0
1.0,1.0
1.0,1.0
1.0,1.0
1.0,1.0
1.0,1.0
1.0,1.0
1.0,1.0
1.0,1.0
1.0,1.0
1.0,1.0
1.0,1.0
1.0,1.0
1.0,1.0
1.0,1.0
1.0,1.0
1.0,1.0
1.0,1.0
1.0,1.0
1.0,1.0
1.0,1.0
1.0,1.0
1.0,1.0
1.0,1.0
1.0,1.0
1.0,1.0
1.0,1.0
1.0,1.0
1.0,1.0
1.0,1.0
1.0,1.0
1.0,1.0
1.0,1.0
1.0,1.0
1.0,1.0
1.0,1.0
1.0,1.0
1.0,1.0
1.0,1.0
1.0,1.0
1.0,1.0
1.0,1.0
1.0,1.0
1.0,1.0
1.0,1.0
1.0,1.0
1.0,1.0
1.0,1.0
1.0,1.0
1.0,1.0
1.0,1.0
1.0,1.0
1.0,1.0
1.0,1.0
1.0,1.0
1.0,1.0
1.0,1.0
1.0,1.0
1.0,1.0
1.0,1.0
1.0,1.0
1.0,1.0
1.0,1.0
1.0,1.0
1.0,1.0
1.0,1.0
1.0,1.0
1.0,1.0
1.0,1.0
1.0,1.0
1.0,1.0
1.0,1.0
1.0,1.0
1.0,1.0
1.0,1.0
1.0,1.0
1.0,1.0
1.0,1.0
1.0,1.0
1.0,1.0
1.0,1.0
1.0,1.0
1.0,1.0
1.0,1.0
1.0,1.0
1.0,1.0
1.0,1.0
1.0,1.0
1.0,1.0
1.0,1.0
1.0,1.0
1.0,1.0
1.0,1.0
1.0,1.0
1.0,1.0
1.0,1.0
1.0,1.0
1.0,1.0
1.0,1.0
1.0,1.0
1.0,1.0
1.0,1.0
1.0,1.0
1.0,1.0
1.0,1.0
1.0,1.0
1.0,1.0
1.0,1.0
1.0,1.0
1.0,1.0
1.0,1.0
1.0,1.0
1.0,1.0
1.0,1.0
1.0,1.0
1.0,1.0
1.0,1.0
1.0,1.0
1.0,1.0
1.0,1.0
1.0,1.0
1.0,1.0
1.0,1.0
1.0,1.0
1.0,1.0
1.0,1.0
1.0,1.0
1.0,1.0
1.0,1.0
1.0,1.0
1.0,1.0
1.0,1.0
1.0,1.0
1.0,1.0
1.0,1.0
1.0,1.0
1.0,1.0
1.0,1.0
1.0,1.0
1.0,1.0
1.0,1.0
1.0,1.0
1.0,1.0
1.0,1.0
1.0,1.0
1.0,1.0
1.0,1.0
1.0,1.0
1.0,1.0
1.0,1.0
1.0,1.0
1.0,1.0
1.0,1.0
1.0,1.0
1.0,1.0
1.0,1.0
1.0,1.0
1.0,1.0
1.0,1.0
1.0,1.0
1.0,1.0
1.0,1.0
1.0,1.0
1.0,1.0
1.0,1.0
1.0,1.0
1.0,1.0
1.0,1.0
1.0,1.0
1.0,1.0
1.0,1.0
1.0,1.0
1.0,1.0
1.0,1.0
1.0,1.0
1.0,1.0
1.0,1.0
1.0,1.0
1.0,1.0
1.0,1.0
1.0,1.0
1.0,1.0
1.0,1.0
1.0,1.0
1.0,1.0
1.0,1.0
1.0,1.0
1.0,1.0
1.0,1.0
1.0,1.0
1.0,1.0
1.0,1.0
1.0,1.0
1.0,1.0
1.0,1.0
1.0,1.0
1.0,1.0
1.0,1.0
1.0,1.0
1.0,1.0
1.0,1.0
1.0,1.0
1.0,1.0
1.0,1.0
1.0,1.0
1.0,1.0
1.0,1.0
1.0,1.0
1.0,1.0
1.0,1.0
1.0,1.0
1.0,1.0
1.0,1.0
1.0,1.0
1.0,1.0
1.0,1.0
1.0,1.0
1.0,1.0
1.0,1.0
1.0,1.0
1.0,1.0
1.0,1.0
1.0,1.0
1.0,1.0
1.0,1.0
1.0,1.0
1.0,1.0
1.0,1.0
1.0,1.0
1.0,1.0
1.0,1.0
1.0,1.0
1.0,1.0
1.0,1.0
1.0,1.0
1.0,1.0
1.0,1.0
1.0,1.0
1.0,1.0
1.0,1.0
1.0,1.0
1.0,1.0
1.0,1.0
1.0,1.0
1.0,1.0
1.0,1.0
1.0,1.0
1.0,1.0
1.0,1.0
1.0,1.0
1.0,1.0
1.0,1.0
1.0,1.0
1.0,1.0
1.0,1.0
1.0,1.0
1.0,1.0
1.0,1.0
1.0,1.0
1.0,1.0
1.0,1.0
1.0,1.0
1.0,1.0
1.0,1.0
1.0,1.0
1.0,1.0
1.0,1.0
1.0,1.0
1.0,1.0
1.0,1.0
1.0,1.0
1.0,1.0
1.0,1.0
1.0,1.0
1.0,1.0
1.0,1.0
1.0,1.0
1.0,1.0
1.0,1.0
1.0,1.0
1.0,1.0
1.0,1.0
1.0,1.0
1.0,1.0
1.0,1.0
1.0,1.0
1.0,1.0
1.0,1.0
1.0,1.0
1.0,1.0
1.0,1.0
1.0,1.0
1.0,1.0
1.0,1.0
1.0,1.0
1.0,1.0
1.0,1.0
1.0,1.0
1.0,1.0
1.0,1.0
1.0,1.0
1.0,1.0
1.0,1.0
1.0,1.0
1.0,1.0
1.0,1.0
1.0,1.0
1.0,1.0
1.0,1.0
1.0,1.0
1.0,1.0
1.0,1.0
1.0,1.0
1.0,1.0
1.0,1.0
1.0,1.0
1.0,1.0
1.0,1.0
1.0,1.0
1.0,1.0
1.0,1.0
1.0,1.0
1.0,1.0
1.0,1.0
1.0,1.0
1.0,1.0
1.0,1.0
1.0,1.0
1.0,1.0
1.0,1.0
1.0,1.0
1.0,1.0
1.0,1.0
1.0,1.0
1.0,1.0
1.0,1.0
1.0,1.0
1.0,1.0
1.0,1.0
1.0,1.0
1.0,1.0
1.0,1.0
1.0,1.0
1.0,1.0
1.0,1.0
1.0,1.0
1.0,1.0
1.0,1.0
1.0,1.0
1.0,1.0
1.0,1.0
1.0,1.0
1.0,1.0
1.0,1.0
1.0,1.0
1.0,1.0
1.0,1.0
1.0,1.0
1.0,1.0
1.0,1.0
1.0,1.0
1.0,1.0
1.0,1.0
1.0,1.0
1.0,1.0
1.0,1.0
1.0,1.0
1.0,1.0
1.0,1.0
1.0,1.0
1.0,1.0
1.0,1.0
1.0,1.0
1.0,1.0
1.0,1.0
1.0,1.0
1.0,1.0
1.0,1.0
1.0,1.0
1.0,1.0
1.0,1.0
1.0,1.0
1.0,1.0
1.0,1.0
1.0,1.0
1.0,1.0
1.0,1.0
1.0,1.0
1.0,1.0
1.0,1.0
1.0,1.0
1.0,1.0
1.0,1.0
1.0,1.0
1.0,1.0
1.0,1.0
1.0,1.0
1.0,1.0
1.0,1.0
1.0,1.0
1.0,1.0
1.0,1.0
1.0,1.0
1.0,1.0
1.0,1.0
1.0,1.0
1.0,1.0
1.0,1.0
1.0,1.0
1.0,1.0
1.0,1.0
1.0,1.0
1.0,1.0
1.0,1.0
1.0,1.0
1.0,1.0
1.0,1.0
1.0,1.0
1.0,1.0
1.0,1.0
1.0,1.0
1.0,1.0
1.0,1.0
1.0,1.0
1.0,1.0
1.0,1.0
1.0,1.0
1.0,1.0
1.0,1.0
1.0,1.0
1.0,1.0
1.0,1.0
1.0,1.0
1.0,1.0
1.0,1.0
1.0,1.0
1.0,1.0
1.0,1.0
1.0,1.0
1.0,1.0
1.0,1.0
1.0,1.0
1.0,1.0
1.0,1.0
1.0,1.0
1.0,1.0
1.0,1.0
1.0,1.0
1.0,1.0
1.0,1.0
1.0,1.0
1.0,1.0
1.0,1.0
1.0,1.0
1.0,1.0
1.0,1.0
1.0,1.0
1.0,1.0
1.0,1.0
1.0,1.0
1.0,1.0
1.0,1.0
1.0,1.0
1.0,1.0
1.0,1.0
1.0,1.0
1.0,1.0
1.0,1.0
1.0,1.0
1.0,1.0
1.0,1.0
1.0,1.0
1.0,1.0
1.0,1.0
1.0,1.0
1.0,1.0
1.0,1.0
1.0,1.0
1.0,1.0
1.0,1.0
1.0,1.0
1.0,1.0
1.0,1.0
1.0,1.0
1.0,1.0
1.0,1.0
1.0,1.0
1.0,1.0
1.0,1.0
1.0,1.0
1.0,1.0
1.0,1.0
1.0,1.0
1.0,1.0
1.0,1.0
1.0,1.0
1.0,1.0
1.0,1.0
1.0,1.0
1.0,1.0
1.0,1.0
1.0,1.0
1.0,1.0
1.0,1.0
1.0,1.0
1.0,1.0
1.0,1.0
1.0,1.0
1.0,1.0
1.0,1.0
1.0,1.0
1.0,1.0
1.0,1.0
1.0,1.0
1.0,1.0
1.0,1.0
1.0,1.0
1.0,1.0
1.0,1.0
1.0,1.0
1.0,1.0
1.0,1.0
1.0,1.0
1.0,1.0
1.0,1.0
1.0,1.0
1.0,1.0
1.0,1.0
1.0,1.0
1.0,1.0
1.0,1.0
1.0,1.0
1.0,1.0
1.0,1.0
1.0,1.0
1.0,1.0
1.0,1.0
1.0,1.0
1.0,1.0
1.0,1.0
1.0,1.0
1.0,1.0
1.0,1.0
1.0,1.0
1.0,1.0
1.0,1.0
1.0,1.0
1.0,1.0
1.0,1.0
1.0,1.0
1.0,1.0
1.0,1.0
1.0,1.0
1.0,1.0
1.0,1.0
1.0,1.0
1.0,1.0
1.0,1.0
1.0,1.0
1.0,1.0
1.0,1.0
1.0,1.0
1.0,1.0
1.0,1.0
1.0,1.0
1.0,1.0
1.0,1.0
1.0,1.0
1.0,1.0
1.0,1.0
1.0,1.0
1.0,1.0
1.0,1.0
1.0,1.0
1.0,1.0
1.0,1.0
1.0,1.0
1.0,1.0
1.0,1.0
1.0,1.0
1.0,1.0
1.0,1.0
1.0,1.0
1.0,1.0
1.0,1.0
1.0,1.0
1.0,1.0
1.0,1.0
1.0,1.0
1.0,1.0
1.0,1.0
1.0,1.0
1.0,1.0
1.0,1.0
1.0,1.0
1.0,1.0
1.0,1.0
1.0,1.0
1.0,1.0
1.0,1.0
1.0,1.0
1.0,1.0
1.0,1.0
1.0,1.0
1.0,1.0
1.0,1.0
1.0,1.0
1.0,1.0
1.0,1.0
1.0,1.0
1.0,1.0
1.0,1.0
1.0,1.0
1.0,1.0
1.0,1.0
1.0,1.0
1.0,1.0
1.0,1.0
1.0,1.0
1.0,1.0
1.0,1.0
1.0,1.0
1.0,1.0
1.0,1.0
1.0,1.0
1.0,1.0
1.0,1.0
1.0,1.0
1.0,1.0
1.0,1.0
1.0,1.0
1.0,1.0
1.0,1.0
1.0,1.0
1.0,1.0
1.0,1.0
1.0,1.0
1.0,1.0
1.0,1.0
1.0,1.0
1.0,1.0
1.0,1.0
1.0,1.0
1.0,1.0
1.0,1.0
1.0,1.0
1.0,1.0
1.0,1.0
1.0,1.0
1.0,1.0
1.0,1.0
1.0,1.0
1.0,1.0
1.0,1.0
1.0,1.0
1.0,1.0
1.0,1.0
1.0,1.0
1.0,1.0
1.0,1.0
1.0,1.0
1.0,1.0
1.0,1.0
1.0,1.0
1.0,1.0
1.0,1.0
1.0,1.0
1.0,1.0
1.0,1.0
1.0,1.0
1.0,1.0
1.0,1.0
1.0,1.0
1.0,1.0
1.0,1.0
1.0,1.0
1.0,1.0
1.0,1.0
1.0,1.0
1.0,1.0
1.0,1.0
1.0,1.0
1.0,1.0
1.0,1.0
1.0,1.0
1.0,1.0
1.0,1.0
1.0,1.0
1.0,1.0
1.0,1.0
1.0,1.0
1.0,1.0
1.0,1.0
1.0,1.0
1.0,1.0
1.0,1.0
1.0,1.0
1.0,1.0
1.0,1.0
1.0,1.0
1.0,1.0
1.0,1.0
1.0,1.0
1.0,1.0
1.0,1.0
1.0,1.0
1.0,1.0
1.0,1.0
1.0,1.0
1.0,1.0
1.0,1.0
1.0,1.0
1.0,1.0
1.0,1.0
1.0,1.0
1.0,1.0
1.0,1.0
1.0,1.0
1.0,1.0
1.0,1.0
1.0,1.0
1.0,1.0
1.0,1.0
1.0,1.0
1.0,1.0
1.0,1.0
1.0,1.0
1.0,1.0
1.0,1.0
1.0,1.0
1.0,1.0
1.0,1.0
1.0,1.0
1.0,1.0
1.0,1.0
1.0,1.0
1.0,1.0
1.0,1.0
1.0,1.0
1.0,1.0
1.0,1.0
1.0,1.0
1.0,1.0
1.0,1.0
1.0,1.0
1.0,1.0
1.0,1.0
1.0,1.0
1.0,1.0
1.0,1.0
1.0,1.0
1.0,1.0
1.0,1.0
1.0,1.0
1.0,1.0
1.0,1.0
1.0,1.0
1.0,1.0
1.0,1.0
1.0,1.0
1.0,1.0
1.0,1.0
1.0,1.0
1.0,1.0
1.0,1.0
1.0,1.0
1.0,1.0
1.0,1.0
1.0,1.0
1.0,1.0
1.0,1.0
1.0,1.0
1.0,1.0
1.0,1.0
1.0,1.0
1.0,1.0
1.0,1.0
1.0,1.0
1.0,1.0
1.0,1.0
1.0,1.0
1.0,1.0
1.0,1.0
1.0,1.0
1.0,1.0
1.0,1.0
1.0,1.0
1.0,1.0
1.0,1.0
1.0,1.0
1.0,1.0
1.0,1.0
1.0,1.0
1.0,1.0
1.0,1.0
1.0,1.0
1.0,1.0
1.0,1.0
1.0,1.0
1.0,1.0
1.0,1.0
1.0,1.0
1.0,1.0
1.0,1.0
1.0,1.0
1.0,1.0
1.0,1.0
1.0,1.0
1.0,1.0
1.0,1.0
1.0,1.0
1.0,1.0
1.0,1.0
1.0,1.0
1.0,1.0
1.0,1.0
1.0,1.0
1.0,1.0
1.0,1.0
1.0,1.0
1.0,1.0
1.0,1.0
1.0,1.0
1.0,1.0
1.0,1.0
1.0,1.0
1.0,1.0
1.0,1.0
1.0,1.0
1.0,1.0
1.0,1.0
1.0,1.0
1.0,1.0
1.0,1.0
1.0,1.0
1.0,1.0
1.0,1.0
1.0,1.0
1.0,1.0
1.0,1.0
1.0,1.0
1.0,1.0
1.0,1.0
1.0,1.0
1.0,1.0
1.0,1.0
1.0,1.0
1.0,1.0
1.0,1.0
1.0,1.0
1.0,1.0
1.0,1.0
1.0,1.0
1.0,1.0
1.0,1.0
1.0,1.0
1.0,1.0
1.0,1.0
1.0,1.0
1.0,1.0
1.0,1.0
1.0,1.0
1.0,1.0
1.0,1.0
1.0,1.0
1.0,1.0
1.0,1.0
1.0,1.0
1.0,1.0
1.0,1.0
1.0,1.0
1.0,1.0
1.0,1.0
1.0,1.0
1.0,1.0
1.0,1.0
1.0,1.0
1.0,1.0
1.0,1.0
1.0,1.0
1.0,1.0
1.0,1.0
1.0,1.0
1.0,1.0
1.0,1.0
1.0,1.0
1.0,1.0
1.0,1.0
1.0,1.0
1.0,1.0
1.0,1.0
1.0,1.0
1.0,1.0
1.0,1.0
1.0,1.0
1.0,1.0
1.0,1.0
1.0,1.0
1.0,1.0
1.0,1.0
1.0,1.0
1.0,1.0
1.0,1.0
1.0,1.0
1.0,1.0
1.0,1.0
1.0,1.0
1.0,1.0
1.0,1.0
1.0,1.0
1.0,1.0
1.0,1.0
1.0,1.0
1.0,1.0
1.0,1.0
1.0,1.0
1.0,1.0
1.0,1.0
1.0,1.0
1.0,1.0
1.0,1.0
1.0,1.0
1.0,1.0
1.0,1.0
1.0,1.0
1.0,1.0
1.0,1.0
1.0,1.0
1.0,1.0
1.0,1.0
1.0,1.0
1.0,1.0
1.0,1.0
1.0,1.0
1.0,1.0
1.0,1.0
1.0,1.0
1.0,1.0
1.0,1.0
1.0,1.0
1.0,1.0
1.0,1.0
1.0,1.0
1.0,1.0
1.0,1.0
1.0,1.0
1.0,1.0
1.0,1.0
1.0,1.0
1.0,1.0
1.0,1.0
1.0,1.0
1.0,1.0
1.0,1.0
1.0,1.0
1.0,1.0
1.0,1.0
1.0,1.0
1.0,1.0
1.0,1.0
1.0,1.0
1.0,1.0
1.0,1.0
1.0,1.0
1.0,1.0
1.0,1.0
1.0,1.0
1.0,1.0
1.0,1.0
1.0,1.0
1.0,1.0
1.0,1.0
1.0,1.0
1.0,1.0
1.0,1.0
1.0,1.0
1.0,1.0
1.0,1.0
1.0,1.0
1.0,1.0
1.0,1.0
1.0,1.0
1.0,1.0
1.0,1.0
1.0,1.0
1.0,1.0
1.0,1.0
1.0,1.0
1.0,1.0
1.0,1.0
1.0,1.0
1.0,1.0
1.0,1.0
1.0,1.0
1.0,1.0
1.0,1.0
1.0,1.0
1.0,1.0
1.0,1.0
1.0,1.0
1.0,1.0
1.0,1.0
1.0,1.0
1.0,1.0
1.0,1.0
1.0,1.0
1.0,1.0
1.0,1.0
1.0,1.0
1.0,1.0
1.0,1.0
1.0,1.0
1.0,1.0
1.0,1.0
1.0,1.0
1.0,1.0
1.0,1.0
1.0,1.0
1.0,1.0
1.0,1.0
1.0,1.0
1.0,1.0
1.0,1.0
1.0,1.0
1.0,1.0
1.0,1.0
1.0,1.0
1.0,1.0
1.0,1.0
1.0,1.0
1.0,1.0
1.0,1.0
1.0,1.0
1.0,1.0
1.0,1.0
1.0,1.0
1.0,1.0
1.0,1.0
1.0,1.0
1.0,1.0
1.0,1.0
1.0,1.0
1.0,1.0
1.0,1.0
1.0,1.0
1.0,1.0
1.0,1.0
1.0,1.0
1.0,1.0
1.0,1.0
1.0,1.0
1.0,1.0
1.0,1.0
1.0,1.0
1.0,1.0
1.0,1.0
1.0,1.0
1.0,1.0
1.0,1.0
1.0,1.0
1.0,1.0
1.0,1.0
1.0,1.0
1.0,1.0
1.0,1.0
1.0,1.0
1.0,1.0
1.0,1.0
1.0,1.0
1.0,1.0
1.0,1.0
1.0,1.0
1.0,1.0
1.0,1.0
1.0,1.0
1.0,1.0
1.0,1.0
1.0,1.0
1.0,1.0
1.0,1.0
1.0,1.0
1.0,1.0
1.0,1.0
1.0,1.0
1.0,1.0
1.0,1.0
1.0,1.0
1.0,1.0
1.0,1.0
1.0,1.0
1.0,1.0
1.0,1.0
1.0,1.0
1.0,1.0
1.0,1.0
1.0,1.0
1.0,1.0
1.0,1.0
1.0,1.0
1.0,1.0
1.0,1.0
1.0,1.0
1.0,1.0
1.0,1.0
1.0,1.0
1.0,1.0
1.0,1.0
1.0,1.0
1.0,1.0
1.0,1.0
1.0,1.0
1.0,1.0
1.0,1.0
1.0,1.0
1.0,1.0
1.0,1.0
1.0,1.0
1.0,1.0
1.0,1.0
1.0,1.0
1.0,1.0
1.0,1.0
1.0,1.0
1.0,1.0
1.0,1.0
1.0,1.0
1.0,1.0
1.0,1.0
1.0,1.0
1.0,1.0
1.0,1.0
1.0,1.0
1.0,1.0
1.0,1.0
1.0,1.0
1.0,1.0
1.0,1.0
1.0,1.0
1.0,1.0
1.0,1.0
1.0,1.0
1.0,1.0
1.0,1.0
1.0,1.0
1.0,1.0
1.0,1.0
1.0,1.0
1.0,1.0
1.0,1.0
1.0,1.0
1.0,1.0
1.0,1.0
1.0,1.0
1.0,1.0
1.0,1.0
1.0,1.0
1.0,1.0
1.0,1.0
1.0,1.0
1.0,1.0
1.0,1.0
1.0,1.0
1.0,1.0
1.0,1.0
1.0,1.0
1.0,1.0
1.0,1.0
1.0,1.0
1.0,1.0
1.0,1.0
1.0,1.0
1.0,1.0
1.0,1.0
1.0,1.0
1.0,1.0
1.0,1.0
1.0,1.0
1.0,1.0
1.0,1.0
1.0,1.0
1.0,1.0
1.0,1.0
1.0,1.0
1.0,1.0
1.0,1.0
1.0,1.0
1.0,1.0
1.0,1.0
1.0,1.0
1.0,1.0
1.0,1.0
1.0,1.0
1.0,1.0
1.0,1.0
1.0,1.0
1.0,1.0
1.0,1.0
1.0,1.0
1.0,1.0
1.0,1.0
1.0,1.0
1.0,1.0
1.0,1.0
1.0,1.0
1.0,1.0
1.0,1.0
1.0,1.0
1.0,1.0
1.0,1.0
1.0,1.0
1.0,1.0
1.0,1.0
1.0,1.0
1.0,1.0
1.0,1.0
1.0,1.0
1.0,1.0
1.0,1.0
1.0,1.0
1.0,1.0
1.0,1.0
1.0,1.0
1.0,1.0
1.0,1.0
1.0,1.0
1.0,1.0
1.0,1.0
1.0,1.0
1.0,1.0
1.0,1.0
1.0,1.0
1.0,1.0
1.0,1.0
1.0,1.0
1.0,1.0
1.0,1.0
1.0,1.0
1.0,1.0
1.0,1.0
1.0,1.0
1.0,1.0
1.0,1.0
1.0,1.0
1.0,1.0
1.0,1.0
1.0,1.0
1.0,1.0
1.0,1.0
1.0,1.0
1.0,1.0
1.0,1.0
1.0,1.0
1.0,1.0
1.0,1.0
1.0,1.0
1.0,1.0
1.0,1.0
1.0,1.0
1.0,1.0
1.0,1.0
1.0,1.0
1.0,1.0
1.0,1.0
1.0,1.0
1.0,1.0
1.0,1.0
1.0,1.0
1.0,1.0
1.0,1.0
1.0,1.0
1.0,1.0
1.0,1.0
1.0,1.0
1.0,1.0
1.0,1.0
1.0,1.0
1.0,1.0
1.0,1.0
1.0,1.0
1.0,1.0
1.0,1.0
1.0,1.0
1.0,1.0
1.0,1.0
1.0,1.0
1.0,1.0
1.0,1.0
1.0,1.0
1.0,1.0
1.0,1.0
1.0,1.0
1.0,1.0
1.0,1.0
1.0,1.0
1.0,1.0
1.0,1.0
1.0,1.0
1.0,1.0
1.0,1.0
1.0,1.0
1.0,1.0
1.0,1.0
1.0,1.0
1.0,1.0
1.0,1.0
1.0,1.0
1.0,1.0
1.0,1.0
1.0,1.0
1.0,1.0
1.0,1.0
1.0,1.0
1.0,1.0
1.0,1.0
1.0,1.0
1.0,1.0
1.0,1.0
1.0,1.0
1.0,1.0
1.0,1.0
1.0,1.0
1.0,1.0
1.0,1.0
1.0,1.0
1.0,1.0
1.0,1.0
1.0,1.0
1.0,1.0
1.0,1.0
1.0,1.0
1.0,1.0
1.0,1.0
1.0,1.0
1.0,1.0
1.0,1.0
1.0,1.0
1.0,1.0
1.0,1.0
1.0,1.0
1.0,1.0
1.0,1.0
1.0,1.0
1.0,1.0
1.0,1.0
1.0,1.0
1.0,1.0
1.0,1.0
1.0,1.0
1.0,1.0
1.0,1.0
1.0,1.0
1.0,1.0
1.0,1.0
1.0,1.0
1.0,1.0
1.0,1.0
1.0,1.0
1.0,1.0
1.0,1.0
1.0,1.0
1.0,1.0
1.0,1.0
1.0,1.0
1.0,1.0
1.0,1.0
1.0,1.0
1.0,1.0
1.0,1.0
1.0,1.0
1.0,1.0
1.0,1.0
1.0,1.0
1.0,1.0
1.0,1.0
1.0,1.0
1.0,1.0
1.0,1.0
1.0,1.0
1.0,1.0
1.0,1.0
1.0,1.0
1.0,1.0
1.0,1.0
1.0,1.0
1.0,1.0
1.0,1.0
1.0,1.0
1.0,1.0
1.0,1.0
1.0,1.0
1.0,1.0
1.0,1.0
1.0,1.0
1.0,1.0
1.0,1.0
1.0,1.0
1.0,1.0
1.0,1.0
1.0,1.0
1.0,1.0
1.0,1.0
1.0,1.0
1.0,1.0
1.0,1.0
1.0,1.0
1.0,1.0
1.0,1.0
1.0,1.0
1.0,1.0
1.0,1.0
1.0,1.0
1.0,1.0
1.0,1.0
1.0,1.0
1.0,1.0
1.0,1.0
1.0,1.0
1.0,1.0
1.0,1.0
1.0,1.0
1.0,1.0
1.0,1.0
1.0,1.0
1.0,1.0
1.0,1.0
1.0,1.0
1.0,1.0
1.0,1.0
1.0,1.0
1.0,1.0
1.0,1.0
1.0,1.0
1.0,1.0
1.0,1.0
1.0,1.0
1.0,1.0
1.0,1.0
1.0,1.0
1.0,1.0
1.0,1.0
1.0,1.0
1.0,1.0
1.0,1.0
1.0,1.0
1.0,1.0
1.0,1.0
1.0,1.0
1.0,1.0
1.0,1.0
1.0,1.0
1.0,1.0
1.0,1.0
1.0,1.0
1.0,1.0
1.0,1.0
1.0,1.0
1.0,1.0
1.0,1.0
1.0,1.0
1.0,1.0
1.0,1.0
1.0,1.0
1.0,1.0
1.0,1.0
1.0,1.0
1.0,1.0
1.0,1.0
1.0,1.0
1.0,1.0
1.0,1.0
1.0,1.0
1.0,1.0
1.0,1.0
1.0,1.0
1.0,1.0
1.0,1.0
1.0,1.0
1.0,1.0
1.0,1.0
1.0,1.0
1.0,1.0
1.0,1.0
1.0,1.0
1.0,1.0
1.0,1.0
1.0,1.0
1.0,1.0
1.0,1.0
1.0,1.0
1.0,1.0
1.0,1.0
1.0,1.0
1.0,1.0
1.0,1.0
1.0,1.0
1.0,1.0
1.0,1.0
1.0,1.0
1.0,1.0
1.0,1.0
1.0,1.0
1.0,1.0
1.0,1.0
1.0,1.0
1.0,1.0
1.0,1.0
1.0,1.0
1.0,1.0
1.0,1.0
1.0,1.0
1.0,1.0
1.0,1.0
1.0,1.0
1.0,1.0
1.0,1.0
1.0,1.0
1.0,1.0
1.0,1.0
1.0,1.0
1.0,1.0
1.0,1.0
1.0,1.0
1.0,1.0
1.0,1.0
1.0,1.0
1.0,1.0
1.0,1.0
1.0,1.0
1.0,1.0
1.0,1.0
1.0,1.0
1.0,1.0
1.0,1.0
1.0,1.0
1.0,1.0
1.0,1.0
1.0,1.0
1.0,1.0
1.0,1.0
1.0,1.0
1.0,1.0
1.0,1.0
1.0,1.0
1.0,1.0
1.0,1.0
1.0,1.0
1.0,1.0
1.0,1.0
1.0,1.0
1.0,1.0
1.0,1.0
1.0,1.0
1.0,1.0
1.0,1.0
1.0,1.0
1.0,1.0
1.0,1.0
1.0,1.0
1.0,1.0
1.0,1.0
1.0,1.0
1.0,1.0
1.0,1.0
1.0,1.0
1.0,1.0
1.0,1.0
1.0,1.0
1.0,1.0
1.0,1.0
1.0,1.0
1.0,1.0
1.0,1.0
1.0,1.0
1.0,1.0
1.0,1.0
1.0,1.0
1.0,1.0
1.0,1.0
1.0,1.0
1.0,1.0
1.0,1.0
1.0,1.0
1.0,1.0
1.0,1.0
1.0,1.0
1.0,1.0
1.0,1.0
1.0,1.0
1.0,1.0
1.0,1.0
1.0,1.0
1.0,1.0
1.0,1.0
1.0,1.0
1.0,1.0
1.0,1.0
1.0,1.0
1.0,1.0
1.0,1.0
1.0,1.0
1.0,1.0
1.0,1.0
1.0,1.0
1.0,1.0
1.0,1.0
1.0,1.0
1.0,1.0
1.0,1.0
1.0,1.0
1.0,1.0
1.0,1.0
1.0,1.0
1.0,1.0
1.0,1.0
1.0,1.0
1.0,1.0
1.0,1.0
1.0,1.0
1.0,1.0
1.0,1.0
1.0,1.0
1.0,1.0
1.0,1.0
1.0,1.0
1.0,1.0
1.0,1.0
1.0,1.0
1.0,1.0
1.0,1.0
1.0,1.0
1.0,1.0
1.0,1.0
1.0,1.0
1.0,1.0
1.0,1.0
1.0,1.0
1.0,1.0
1.0,1.0
1.0,1.0
1.0,1.0
1.0,1.0
1.0,1.0
1.0,1.0
1.0,1.0
1.0,1.0
1.0,1.0
1.0,1.0
1.0,1.0
1.0,1.0
1.0,1.0
1.0,1.0
1.0,1.0
1.0,1.0
1.0,1.0
1.0,1.0
1.0,1.0
1.0,1.0
1.0,1.0
1.0,1.0
1.0,1.0
1.0,1.0
1.0,1.0
1.0,1.0
1.0,1.0
1.0,1.0
1.0,1.0
1.0,1.0
1.0,1.0
1.0,1.0
1.0,1.0
1.0,1.0
1.0,1.0
1.0,1.0
1.0,1.0
1.0,1.0
1.0,1.0
1.0,1.0
1.0,1.0
1.0,1.0
1.0,1.0
1.0,1.0
1.0,1.0
1.0,1.0
1.0,1.0
1.0,1.0
1.0,1.0
1.0,1.0
1.0,1.0
1.0,1.0
1.0,1.0
1.0,1.0
1.0,1.0
1.0,1.0
1.0,1.0
1.0,1.0
1.0,1.0
1.0,1.0
1.0,1.0
1.0,1.0
1.0,1.0
1.0,1.0
1.0,1.0
1.0,1.0
1.0,1.0
1.0,1.0
1.0,1.0
1.0,1.0
1.0,1.0
1.0,1.0
1.0,1.0
1.0,1.0
1.0,1.0
1.0,1.0
1.0,1.0
1.0,1.0
1.0,1.0
1.0,1.0
1.0,1.0
1.0,1.0
1.0,1.0
1.0,1.0
1.0,1.0
1.0,1.0
1.0,1.0
1.0,1.0
1.0,1.0
1.0,1.0
1.0,1.0
1.0,1.0
1.0,1.0
1.0,1.0
1.0,1.0
1.0,1.0
1.0,1.0
1.0,1.0
1.0,1.0
1.0,1.0
1.0,1.0
1.0,1.0
1.0,1.0
1.0,1.0
1.0,1.0
1.0,1.0
1.0,1.0
1.0,1.0
1.0,1.0
1.0,1.0
1.0,1.0
1.0,1.0
1.0,1.0
1.0,1.0
1.0,1.0
1.0,1.0
1.0,1.0
1.0,1.0
1.0,1.0
1.0,1.0
1.0,1.0
1.0,1.0
1.0,1.0
1.0,1.0
1.0,1.0
1.0,1.0
1.0,1.0
1.0,1.0
1.0,1.0
1.0,1.0
1.0,1.0
1.0,1.0
1.0,1.0
1.0,1.0
1.0,1.0
1.0,1.0
1.0,1.0
1.0,1.0
1.0,1.0
1.0,1.0
1.0,1.0
1.0,1.0
1.0,1.0
1.0,1.0
1.0,1.0
1.0,1.0
1.0,1.0
1.0,1.0
1.0,1.0
1.0,1.0
1.0,1.0
1.0,1.0
1.0,1.0
1.0,1.0
1.0,1.0
1.0,1.0
1.0,1.0
1.0,1.0
1.0,1.0
1.0,1.0
1.0,1.0
1.0,1.0
1.0,1.0
1.0,1.0
1.0,1.0
1.0,1.0
1.0,1.0
1.0,1.0
1.0,1.0
1.0,1.0
1.0,1.0
1.0,1.0
1.0,1.0
1.0,1.0
1.0,1.0
1.0,1.0
1.0,1.0
1.0,1.0
1.0,1.0
1.0,1.0
1.0,1.0
1.0,1.0
1.0,1.0
1.0,1.0
1.0,1.0
1.0,1.0
1.0,1.0
1.0,1.0
1.0,1.0
1.0,1.0
1.0,1.0
1.0,1.0
1.0,1.0
1.0,1.0
1.0,1.0
1.0,1.0
1.0,1.0
1.0,1.0
1.0,1.0
1.0,1.0
1.0,1.0
1.0,1.0
1.0,1.0
1.0,1.0
1.0,1.0
1.0,1.0
1.0,1.0
1.0,1.0
1.0,1.0
1.0,1.0
1.0,1.0
1.0,1.0
1.0,1.0
1.0,1.0
1.0,1.0
1.0,1.0
1.0,1.0
1.0,1.0
1.0,1.0
1.0,1.0
1.0,1.0
1.0,1.0
1.0,1.0
1.0,1.0
1.0,1.0
1.0,1.0
1.0,1.0
1.0,1.0
1.0,1.0
1.0,1.0
1.0,1.0
1.0,1.0
1.0,1.0
1.0,1.0
1.0,1.0
1.0,1.0
1.0,1.0
1.0,1.0
1.0,1.0
1.0,1.0
1.0,1.0
1.0,1.0
1.0,1.0
1.0,1.0
1.0,1.0
1.0,1.0
1.0,1.0
1.0,1.0
1.0,1.0
1.0,1.0
1.0,1.0
1.0,1.0
1.0,1.0
1.0,1.0
1.0,1.0
1.0,1.0
1.0,1.0
1.0,1.0
1.0,1.0
1.0,1.0
1.0,1.0
1.0,1.0
1.0,1.0
1.0,1.0
1.0,1.0
1.0,1.0
1.0,1.0
1.0,1.0
1.0,1.0
1.0,1.0
1.0,1.0
1.0,1.0
1.0,1.0
1.0,1.0
1.0,1.0
1.0,1.0
1.0,1.0
1.0,1.0
1.0,1.0
1.0,1.0
1.0,1.0
1.0,1.0
1.0,1.0
1.0,1.0
1.0,1.0
1.0,1.0
1.0,1.0
1.0,1.0
1.0,1.0
1.0,1.0
1.0,1.0
1.0,1.0
1.0,1.0
1.0,1.0
1.0,1.0
1.0,1.0
1.0,1.0
1.0,1.0
1.0,1.0
1.0,1.0
1.0,1.0
1.0,1.0
1.0,1.0
1.0,1.0
1.0,1.0
1.0,1.0
1.0,1.0
1.0,1.0
1.0,1.0
1.0,1.0
1.0,1.0
1.0,1.0
1.0,1.0
1.0,1.0
1.0,1.0
1.0,1.0
1.0,1.0
1.0,1.0
1.0,1.0
1.0,1.0
1.0,1.0
1.0,1.0
1.0,1.0
1.0,1.0
1.0,1.0
1.0,1.0
1.0,1.0
1.0,1.0
1.0,1.0
1.0,1.0
1.0,1.0
1.0,1.0
1.0,1.0
1.0,1.0
1.0,1.0
1.0,1.0
1.0,1.0
1.0,1.0
1.0,1.0
1.0,1.0
1.0,1.0
1.0,1.0
1.0,1.0
1.0,1.0
1.0,1.0
1.0,1.0
1.0,1.0
1.0,1.0
1.0,1.0
1.0,1.0
1.0,1.0
1.0,1.0
1.0,1.0
1.0,1.0
1.0,1.0
1.0,1.0
1.0,1.0
1.0,1.0
1.0,1.0
1.0,1.0
1.0,1.0
1.0,1.0
1.0,1.0
1.0,1.0
1.0,1.0
1.0,1.0
1.0,1.0
1.0,1.0
1.0,1.0
1.0,1.0
1.0,1.0
1.0,1.0
1.0,1.0
1.0,1.0
1.0,1.0
1.0,1.0
1.0,1.0
1.0,1.0
1.0,1.0
1.0,1.0
1.0,1.0
1.0,1.0
1.0,1.0
1.0,1.0
1.0,1.0
1.0,1.0
1.0,1.0
1.0,1.0
1.0,1.0
1.0,1.0
1.0,1.0
1.0,1.0
1.0,1.0
1.0,1.0
1.0,1.0
1.0,1.0
1.0,1.0
1.0,1.0
1.0,1.0
1.0,1.0
1.0,1.0
1.0,1.0
1.0,1.0
1.0,1.0
1.0,1.0
1.0,1.0
1.0,1.0
1.0,1.0
1.0,1.0
1.0,1.0
1.0,1.0
1.0,1.0
1.0,1.0
1.0,1.0
1.0,1.0
1.0,1.0
1.0,1.0
1.0,1.0
1.0,1.0
1.0,1.0
1.0,1.0
1.0,1.0
1.0,1.0
1.0,1.0
1.0,1.0
1.0,1.0
1.0,1.0
1.0,1.0
1.0,1.0
1.0,1.0
1.0,1.0
1.0,1.0
1.0,1.0
1.0,1.0
1.0,1.0
1.0,1.0
1.0,1.0
1.0,1.0
1.0,1.0
1.0,1.0
1.0,1.0
1.0,1.0
1.0,1.0
1.0,1.0
1.0,1.0
1.0,1.0
1.0,1.0
1.0,1.0
1.0,1.0
1.0,1.0
1.0,1.0
1.0,1.0
1.0,1.0
1.0,1.0
1.0,1.0
1.0,1.0
1.0,1.0
1.0,1.0
1.0,1.0
1.0,1.0
1.0,1.0
1.0,1.0
1.0,1.0
1.0,1.0
1.0,1.0
1.0,1.0
1.0,1.0
1.0,1.0
1.0,1.0
1.0,1.0
1.0,1.0
1.0,1.0
1.0,1.0
1.0,1.0
1.0,1.0
1.0,1.0
1.0,1.0
1.0,1.0
1.0,1.0
1.0,1.0
1.0,1.0
1.0,1.0
1.0,1.0
1.0,1.0
1.0,1.0
1.0,1.0
1.0,1.0
1.0,1.0
1.0,1.0
1.0,1.0
1.0,1.0
1.0,1.0
1.0,1.0
1.0,1.0
1.0,1.0
1.0,1.0
1.0,1.0
1.0,1.0
1.0,1.0
1.0,1.0
1.0,1.0
1.0,1.0
1.0,1.0
1.0,1.0
1.0,1.0
1.0,1.0
1.0,1.0
1.0,1.0
1.0,1.0
1.0,1.0
1.0,1.0
1.0,1.0
1.0,1.0
1.0,1.0
1.0,1.0
1.0,1.0
1.0,1.0
1.0,1.0
1.0,1.0
1.0,1.0
1.0,1.0
1.0,1.0
1.0,1.0
1.0,1.0
1.0,1.0
1.0,1.0
1.0,1.0
1.0,1.0
1.0,1.0
1.0,1.0
1.0,1.0
1.0,1.0
1.0,1.0
1.0,1.0
1.0,1.0
1.0,1.0
1.0,1.0
1.0,1.0
1.0,1.0
1.0,1.0
1.0,1.0
1.0,1.0
1.0,1.0
1.0,1.0
1.0,1.0
1.0,1.0
1.0,1.0
1.0,1.0
1.0,1.0
1.0,1.0
1.0,1.0
1.0,1.0
1.0,1.0
1.0,1.0
1.0,1.0
1.0,1.0
1.0,1.0
1.0,1.0
1.0,1.0
1.0,1.0
1.0,1.0
1.0,1.0
1.0,1.0
1.0,1.0
1.0,1.0
1.0,1.0
1.0,1.0
1.0,1.0
1.0,1.0
1.0,1.0
1.0,1.0
1.0,1.0
1.0,1.0
1.0,1.0
1.0,1.0
1.0,1.0
1.0,1.0
1.0,1.0
1.0,1.0
1.0,1.0
1.0,1.0
1.0,1.0
1.0,1.0
1.0,1.0
1.0,1.0
1.0,1.0
1.0,1.0
1.0,1.0
1.0,1.0
1.0,1.0
1.0,1.0
1.0,1.0
1.0,1.0
1.0,1.0
1.0,1.0
1.0,1.0
1.0,1.0
1.0,1.0
1.0,1.0
1.0,1.0
1.0,1.0
1.0,1.0
1.0,1.0
1.0,1.0
1.0,1.0
1.0,1.0
1.0,1.0
1.0,1.0
1.0,1.0
1.0,1.0
1.0,1.0
1.0,1.0
1.0,1.0
1.0,1.0
1.0,1.0
1.0,1.0
1.0,1.0
1.0,1.0
1.0,1.0
1.0,1.0
1.0,1.0
1.0,1.0
1.0,1.0
1.0,1.0
1.0,1.0
1.0,1.0
1.0,1.0
1.0,1.0
1.0,1.0
1.0,1.0
1.0,1.0
1.0,1.0
1.0,1.0
1.0,1.0
1.0,1.0
1.0,1.0
1.0,1.0
1.0,1.0
1.0,1.0
1.0,1.0
1.0,1.0
1.0,1.0
1.0,1.0
1.0,1.0
1.0,1.0
1.0,1.0
1.0,1.0
1.0,1.0
1.0,1.0
1.0,1.0
1.0,1.0
1.0,1.0
1.0,1.0
1.0,1.0
1.0,1.0
1.0,1.0
1.0,1.0
1.0,1.0
1.0,1.0
1.0,1.0
1.0,1.0
1.0,1.0
1.0,1.0
1.0,1.0
1.0,1.0
1.0,1.0
1.0,1.0
1.0,1.0
1.0,1.0
1.0,1.0
1.0,1.0
1.0,1.0
1.0,1.0
1.0,1.0
1.0,1.0
1.0,1.0
1.0,1.0
1.0,1.0
1.0,1.0
1.0,1.0
1.0,1.0
1.0,1.0
1.0,1.0
1.0,1.0
1.0,1.0
1.0,1.0
1.0,1.0
1.0,1.0
1.0,1.0
1.0,1.0
1.0,1.0
1.0,1.0
1.0,1.0
1.0,1.0
1.0,1.0
1.0,1.0
1.0,1.0
1.0,1.0
1.0,1.0
1.0,1.0
1.0,1.0
1.0,1.0
1.0,1.0
1.0,1.0
1.0,1.0
1.0,1.0
1.0,1.0
1.0,1.0
1.0,1.0
1.0,1.0
1.0,1.0
1.0,1.0
1.0,1.0
1.0,1.0
1.0,1.0
1.0,1.0
1.0,1.0
1.0,1.0
1.0,1.0
1.0,1.0
1.0,1.0
1.0,1.0
1.0,1.0
1.0,1.0
1.0,1.0
1.0,1.0
1.0,1.0
1.0,1.0
1.0,1.0
1.0,1.0
1.0,1.0
1.0,1.0
1.0,1.0
1.0,1.0
1.0,1.0
1.0,1.0
1.0,1.0
1.0,1.0
1.0,1.0
1.0,1.0
1.0,1.0
1.0,1.0
1.0,1.0
1.0,1.0
1.0,1.0
1.0,1.0
1.0,1.0
1.0,1.0
1.0,1.0
1.0,1.0
1.0,1.0
1.0,1.0
1.0,1.0
1.0,1.0
1.0,1.0
1.0,1.0
1.0,1.0
1.0,1.0
1.0,1.0
1.0,1.0
1.0,1.0
1.0,1.0
1.0,1.0
1.0,1.0
1.0,1.0
1.0,1.0
1.0,1.0
1.0,1.0
1.0,1.0
1.0,1.0
1.0,1.0
1.0,1.0
1.0,1.0
1.0,1.0
1.0,1.0
1.0,1.0
1.0,1.0
1.0,1.0
1.0,1.0
1.0,1.0
1.0,1.0
1.0,1.0
1.0,1.0
1.0,1.0
1.0,1.0
1.0,1.0
1.0,1.0
1.0,1.0
1.0,1.0
1.0,1.0
1.0,1.0
1.0,1.0
1.0,1.0
1.0,1.0
1.0,1.0
1.0,1.0
1.0,1.0
1.0,1.0
1.0,1.0
1.0,1.0
1.0,1.0
1.0,1.0
1.0,1.0
1.0,1.0
1.0,1.0
1.0,1.0
1.0,1.0
1.0,1.0
1.0,1.0
1.0,1.0
1.0,1.0
1.0,1.0
1.0,1.0
1.0,1.0
1.0,1.0
1.0,1.0
1.0,1.0
1.0,1.0
1.0,1.0
1.0,1.0
1.0,1.0
1.0,1.0
1.0,1.0
1.0,1.0
1.0,1.0
1.0,1.0
1.0,1.0
1.0,1.0
1.0,1.0
1.0,1.0
1.0,1.0
1.0,1.0
1.0,1.0
1.0,1.0
1.0,1.0
1.0,1.0
1.0,1.0
1.0,1.0
1.0,1.0
1.0,1.0
1.0,1.0
1.0,1.0
1.0,1.0
1.0,1.0
1.0,1.0
1.0,1.0
1.0,1.0
1.0,1.0
1.0,1.0
1.0,1.0
1.0,1.0
1.0,1.0
1.0,1.0
1.0,1.0
1.0,1.0
1.0,1.0
1.0,1.0
1.0,1.0
1.0,1.0
1.0,1.0
1.0,1.0
1.0,1.0
1.0,1.0
1.0,1.0
1.0,1.0
1.0,1.0
1.0,1.0
1.0,1.0
1.0,1.0
1.0,1.0
1.0,1.0
1.0,1.0
1.0,1.0
1.0,1.0
1.0,1.0
1.0,1.0
1.0,1.0
1.0,1.0
1.0,1.0
1.0,1.0
1.0,1.0
1.0,1.0
1.0,1.0
1.0,1.0
1.0,1.0
1.0,1.0
1.0,1.0
1.0,1.0
1.0,1.0
1.0,1.0
1.0,1.0
1.0,1.0
1.0,1.0
1.0,1.0
1.0,1.0
1.0,1.0
1.0,1.0
1.0,1.0
1.0,1.0
1.0,1.0
1.0,1.0
1.0,1.0
1.0,1.0
1.0,1.0
1.0,1.0
1.0,1.0
1.0,1.0
1.0,1.0
1.0,1.0
1.0,1.0
1.0,1.0
1.0,1.0
1.0,1.0
1.0,1.0
1.0,1.0
1.0,1.0
1.0,1.0
1.0,1.0
1.0,1.0
1.0,1.0
1.0,1.0
1.0,1.0
1.0,1.0
1.0,1.0
1.0,1.0
1.0,1.0
1.0,1.0
1.0,1.0
1.0,1.0
1.0,1.0
1.0,1.0
1.0,1.0
1.0,1.0
1.0,1.0
1.0,1.0
1.0,1.0
1.0,1.0
1.0,1.0
1.0,1.0
1.0,1.0
1.0,1.0
1.0,1.0
1.0,1.0
1.0,1.0
1.0,1.0
1.0,1.0
1.0,1.0
1.0,1.0
1.0,1.0
1.0,1.0
1.0,1.0
1.0,1.0
1.0,1.0
1.0,1.0
1.0,1.0
1.0,1.0
1.0,1.0
1.0,1.0
1.0,1.0
1.0,1.0
1.0,1.0
1.0,1.0
1.0,1.0
1.0,1.0
1.0,1.0
1.0,1.0
1.0,1.0
1.0,1.0
1.0,1.0
1.0,1.0
1.0,1.0
1.0,1.0
1.0,1.0
1.0,1.0
1.0,1.0
1.0,1.0
1.0,1.0
1.0,1.0
1.0,1.0
1.0,1.0
1.0,1.0
1.0,1.0
1.0,1.0
1.0,1.0
1.0,1.0
1.0,1.0
1.0,1.0
1.0,1.0
1.0,1.0
1.0,1.0
1.0,1.0
1.0,1.0
1.0,1.0
1.0,1.0
1.0,1.0
1.0,1.0
1.0,1.0
1.0,1.0
1.0,1.0
1.0,1.0
1.0,1.0
1.0,1.0
1.0,1.0
1.0,1.0
1.0,1.0
1.0,1.0
1.0,1.0
1.0,1.0
1.0,1.0
1.0,1.0
1.0,1.0
1.0,1.0
1.0,1.0
1.0,1.0
1.0,1.0
1.0,1.0
1.0,1.0
1.0,1.0
1.0,1.0
1.0,1.0
1.0,1.0
1.0,1.0
1.0,1.0
1.0,1.0
1.0,1.0
1.0,1.0
1.0,1.0
1.0,1.0
1.0,1.0
1.0,1.0
1.0,1.0
1.0,1.0
1.0,1.0
1.0,1.0
1.0,1.0
1.0,1.0
1.0,1.0
1.0,1.0
1.0,1.0
1.0,1.0
1.0,1.0
1.0,1.0
1.0,1.0
1.0,1.0
1.0,1.0
1.0,1.0
1.0,1.0
1.0,1.0
1.0,1.0
1.0,1.0
1.0,1.0
1.0,1.0
1.0,1.0
1.0,1.0
1.0,1.0
1.0,1.0
1.0,1.0
1.0,1.0
1.0,1.0
1.0,1.0
1.0,1.0
1.0,1.0
1.0,1.0
1.0,1.0
1.0,1.0
1.0,1.0
1.0,1.0
1.0,1.0
1.0,1.0
1.0,1.0
1.0,1.0
1.0,1.0
1.0,1.0
1.0,1.0
1.0,1.0
1.0,1.0
1.0,1.0
1.0,1.0
1.0,1.0
1.0,1.0
1.0,1.0
1.0,1.0
1.0,1.0
1.0,1.0
1.0,1.0
1.0,1.0
1.0,1.0
1.0,1.0
1.0,1.0
1.0,1.0
1.0,1.0
1.0,1.0
1.0,1.0
1.0,1.0
1.0,1.0
1.0,1.0
1.0,1.0
1.0,1.0
1.0,1.0
1.0,1.0
1.0,1.0
1.0,1.0
1.0,1.0
1.0,1.0
1.0,1.0
1.0,1.0
1.0,1.0
1.0,1.0
1.0,1.0
1.0,1.0
1.0,1.0
1.0,1.0
1.0,1.0
1.0,1.0
1.0,1.0
1.0,1.0
1.0,1.0
1.0,1.0
1.0,1.0
1.0,1.0
1.0,1.0
1.0,1.0
1.0,1.0
1.0,1.0
1.0,1.0
1.0,1.0
1.0,1.0
1.0,1.0
1.0,1.0
1.0,1.0
1.0,1.0
1.0,1.0
1.0,1.0
1.0,1.0
1.0,1.0
1.0,1.0
1.0,1.0
1.0,1.0
1.0,1.0
1.0,1.0
1.0,1.0
1.0,1.0
1.0,1.0
1.0,1.0
1.0,1.0
1.0,1.0
1.0,1.0
1.0,1.0
1.0,1.0
1.0,1.0
1.0,1.0
1.0,1.0
1.0,1.0
1.0,1.0
1.0,1.0
1.0,1.0
1.0,1.0
1.0,1.0
1.0,1.0
1.0,1.0
1.0,1.0
1.0,1.0
1.0,1.0
1.0,1.0
1.0,1.0
1.0,1.0
1.0,1.0
1.0,1.0
1.0,1.0
1.0,1.0
1.0,1.0
1.0,1.0
1.0,1.0
1.0,1.0
1.0,1.0
1.0,1.0
1.0,1.0
1.0,1.0
1.0,1.0
1.0,1.0
1.0,1.0
1.0,1.0
1.0,1.0
1.0,1.0
1.0,1.0
1.0,1.0
1.0,1.0
1.0,1.0
1.0,1.0
1.0,1.0
1.0,1.0
1.0,1.0
1.0,1.0
1.0,1.0
1.0,1.0
1.0,1.0
1.0,1.0
1.0,1.0
1.0,1.0
1.0,1.0
1.0,1.0
1.0,1.0
1.0,1.0
1.0,1.0
1.0,1.0
1.0,1.0
1.0,1.0
1.0,1.0
1.0,1.0
1.0,1.0
1.0,1.0
1.0,1.0
1.0,1.0
1.0,1.0
1.0,1.0
1.0,1.0
1.0,1.0
1.0,1.0
1.0,1.0
1.0,1.0
1.0,1.0
1.0,1.0
1.0,1.0
1.0,1.0
1.0,1.0
1.0,1.0
1.0,1.0
1.0,1.0
1.0,1.0
1.0,1.0
1.0,1.0
1.0,1.0
1.0,1.0
1.0,1.0
1.0,1.0
1.0,1.0
1.0,1.0
1.0,1.0
1.0,1.0
1.0,1.0
1.0,1.0
1.0,1.0
1.0,1.0
1.0,1.0
1.0,1.0
1.0,1.0
1.0,1.0
1.0,1.0
1.0,1.0
1.0,1.0
1.0,1.0
1.0,1.0
1.0,1.0
1.0,1.0
1.0,1.0
1.0,1.0
1.0,1.0
1.0,1.0
1.0,1.0
1.0,1.0
1.0,1.0
1.0,1.0
1.0,1.0
1.0,1.0
1.0,1.0
1.0,1.0
1.0,1.0
1.0,1.0
1.0,1.0
1.0,1.0
1.0,1.0
1.0,1.0
1.0,1.0
1.0,1.0
1.0,1.0
1.0,1.0
1.0,1.0
1.0,1.0
1.0,1.0
1.0,1.0
1.0,1.0
1.0,1.0
1.0,1.0
1.0,1.0
1.0,1.0
1.0,1.0
1.0,1.0
1.0,1.0
1.0,1.0
1.0,1.0
1.0,1.0
1.0,1.0
1.0,1.0
1.0,1.0
1.0,1.0
1.0,1.0
1.0,1.0
1.0,1.0
1.0,1.0
1.0,1.0
1.0,1.0
1.0,1.0
1.0,1.0
1.0,1.0
1.0,1.0
1.0,1.0
1.0,1.0
1.0,1.0
1.0,1.0
1.0,1.0
1.0,1.0
1.0,1.0
1.0,1.0
1.0,1.0
1.0,1.0
1.0,1.0
1.0,1.0
1.0,1.0
1.0,1.0
1.0,1.0
1.0,1.0
1.0,1.0
1.0,1.0
1.0,1.0
1.0,1.0
1.0,1.0
1.0,1.0
1.0,1.0
1.0,1.0
1.0,1.0
1.0,1.0
1.0,1.0
1.0,1.0
1.0,1.0
1.0,1.0
1.0,1.0
1.0,1.0
1.0,1.0
1.0,1.0
1.0,1.0
1.0,1.0
1.0,1.0
1.0,1.0
1.0,1.0
1.0,1.0
1.0,1.0
1.0,1.0
1.0,1.0
1.0,1.0
1.0,1.0
1.0,1.0
1.0,1.0
1.0,1.0
1.0,1.0
1.0,1.0
1.0,1.0
1.0,1.0
1.0,1.0
1.0,1.0
1.0,1.0
1.0,1.0
1.0,1.0
1.0,1.0
1.0,1.0
1.0,1.0
1.0,1.0
1.0,1.0
1.0,1.0
1.0,1.0
1.0,1.0
1.0,1.0
1.0,1.0
1.0,1.0
1.0,1.0
1.0,1.0
1.0,1.0
1.0,1.0
1.0,1.0
1.0,1.0
1.0,1.0
1.0,1.0
1.0,1.0
1.0,1.0
1.0,1.0
1.0,1.0
1.0,1.0
1.0,1.0
1.0,1.0
1.0,1.0
1.0,1.0
1.0,1.0
1.0,1.0
1.0,1.0
1.0,1.0
1.0,1.0
1.0,1.0
1.0,1.0
1.0,1.0
1.0,1.0
1.0,1.0
1.0,1.0
1.0,1.0
1.0,1.0
1.0,1.0
1.0,1.0
1.0,1.0
1.0,1.0
1.0,1.0
1.0,1.0
1.0,1.0
1.0,1.0
1.0,1.0
1.0,1.0
1.0,1.0
1.0,1.0
1.0,1.0
1.0,1.0
1.0,1.0
1.0,1.0
1.0,1.0
1.0,1.0
1.0,1.0
1.0,1.0
1.0,1.0
1.0,1.0
1.0,1.0
1.0,1.0
1.0,1.0
1.0,1.0
1.0,1.0
1.0,1.0
1.0,1.0
1.0,1.0
1.0,1.0
1.0,1.0
1.0,1.0
1.0,1.0
1.0,1.0
1.0,1.0
1.0,1.0
1.0,1.0
1.0,1.0
1.0,1.0
1.0,1.0
1.0,1.0
1.0,1.0
1.0,1.0
1.0,1.0
1.0,1.0
1.0,1.0
1.0,1.0
1.0,1.0
1.0,1.0
1.0,1.0
1.0,1.0
1.0,1.0
1.0,1.0
1.0,1.0
1.0,1.0
1.0,1.0
1.0,1.0
1.0,1.0
1.0,1.0
1.0,1.0
1.0,1.0
1.0,1.0
1.0,1.0
1.0,1.0
1.0,1.0
1.0,1.0
1.0,1.0
1.0,1.0
1.0,1.0
1.0,1.0
1.0,1.0
1.0,1.0
1.0,1.0
1.0,1.0
1.0,1.0
1.0,1.0
1.0,1.0
1.0,1.0
1.0,1.0
1.0,1.0
1.0,1.0
1.0,1.0
1.0,1.0
1.0,1.0
1.0,1.0
1.0,1.0
1.0,1.0
1.0,1.0
1.0,1.0
1.0,1.0
1.0,1.0
1.0,1.0
1.0,1.0
1.0,1.0
1.0,1.0
1.0,1.0
1.0,1.0
1.0,1.0
1.0,1.0
1.0,1.0
1.0,1.0
1.0,1.0
1.0,1.0
1.0,1.0
1.0,1.0
1.0,1.0
1.0,1.0
1.0,1.0
1.0,1.0
1.0,1.0
1.0,1.0
1.0,1.0
1.0,1.0
1.0,1.0
1.0,1.0
1.0,1.0
1.0,1.0
1.0,1.0
1.0,1.0
1.0,1.0
1.0,1.0
1.0,1.0
1.0,1.0
1.0,1.0
1.0,1.0
1.0,1.0
1.0,1.0
1.0,1.0
1.0,1.0
1.0,1.0
1.0,1.0
1.0,1.0
1.0,1.0
1.0,1.0
1.0,1.0
1.0,1.0
1.0,1.0
1.0,1.0
1.0,1.0
1.0,1.0
1.0,1.0
1.0,1.0
1.0,1.0
1.0,1.0
1.0,1.0
1.0,1.0
1.0,1.0
1.0,1.0
1.0,1.0
1.0,1.0
1.0,1.0
1.0,1.0
1.0,1.0
1.0,1.0
1.0,1.0
1.0,1.0
1.0,1.0
1.0,1.0
1.0,1.0
1.0,1.0
1.0,1.0
1.0,1.0
1.0,1.0
1.0,1.0
1.0,1.0
1.0,1.0
1.0,1.0
1.0,1.0
1.0,1.0
1.0,1.0
1.0,1.0
1.0,1.0
1.0,1.0
1.0,1.0
1.0,1.0
1.0,1.0
1.0,1.0
1.0,1.0
1.0,1.0
1.0,1.0
1.0,1.0
1.0,1.0
1.0,1.0
1.0,1.0
1.0,1.0
1.0,1.0
1.0,1.0
1.0,1.0
1.0,1.0
1.0,1.0
1.0,1.0
1.0,1.0
1.0,1.0
1.0,1.0
1.0,1.0
1.0,1.0
1.0,1.0
1.0,1.0
1.0,1.0
1.0,1.0
1.0,1.0
1.0,1.0
1.0,1.0
1.0,1.0
1.0,1.0
1.0,1.0
1.0,1.0
1.0,1.0
1.0,1.0
1.0,1.0
1.0,1.0
1.0,1.0
1.0,1.0
1.0,1.0
1.0,1.0
1.0,1.0
1.0,1.0
1.0,1.0
1.0,1.0
1.0,1.0
1.0,1.0
1.0,1.0
1.0,1.0
1.0,1.0
1.0,1.0
1.0,1.0
1.0,1.0
1.0,1.0
1.0,1.0
1.0,1.0
1.0,1.0
1.0,1.0
1.0,1.0
1.0,1.0
1.0,1.0
1.0,1.0
1.0,1.0
1.0,1.0
1.0,1.0
1.0,1.0
1.0,1.0
1.0,1.0
1.0,1.0
1.0,1.0
1.0,1.0
1.0,1.0
1.0,1.0
1.0,1.0
1.0,1.0
1.0,1.0
1.0,1.0
1.0,1.0
1.0,1.0
1.0,1.0
1.0,1.0
1.0,1.0
1.0,1.0
1.0,1.0
1.0,1.0
1.0,1.0
1.0,1.0
1.0,1.0
1.0,1.0
1.0,1.0
1.0,1.0
1.0,1.0
1.0,1.0
1.0,1.0
1.0,1.0
1.0,1.0
1.0,1.0
1.0,1.0
1.0,1.0
1.0,1.0
1.0,1.0
1.0,1.0
1.0,1.0
1.0,1.0
1.0,1.0
1.0,1.0
1.0,1.0
1.0,1.0
1.0,1.0
1.0,1.0
1.0,1.0
1.0,1.0
1.0,1.0
1.0,1.0
1.0,1.0
1.0,1.0
1.0,1.0
1.0,1.0
1.0,1.0
1.0,1.0
1.0,1.0
1.0,1.0
1.0,1.0
1.0,1.0
1.0,1.0
1.0,1.0
1.0,1.0
1.0,1.0
1.0,1.0
1.0,1.0
1.0,1.0
1.0,1.0
1.0,1.0
1.0,1.0
1.0,1.0
1.0,1.0
1.0,1.0
1.0,1.0
1.0,1.0
1.0,1.0
1.0,1.0
1.0,1.0
1.0,1.0
1.0,1.0
1.0,1.0
1.0,1.0
1.0,1.0
1.0,1.0
1.0,1.0
1.0,1.0
1.0,1.0
1.0,1.0
1.0,1.0
1.0,1.0
1.0,1.0
1.0,1.0
1.0,1.0
1.0,1.0
1.0,1.0
1.0,1.0
1.0,1.0
1.0,1.0
1.0,1.0
1.0,1.0
1.0,1.0
1.0,1.0
1.0,1.0
1.0,1.0
1.0,1.0
1.0,1.0
1.0,1.0
1.0,1.0
1.0,1.0
1.0,1.0
1.0,1.0
1.0,1.0
1.0,1.0
1.0,1.0
1.0,1.0
1.0,1.0
1.0,1.0
1.0,1.0
1.0,1.0
1.0,1.0
1.0,1.0
1.0,1.0
1.0,1.0
1.0,1.0
1.0,1.0
1.0,1.0
1.0,1.0
1.0,1.0
1.0,1.0
1.0,1.0
1.0,1.0
1.0,1.0
1.0,1.0
1.0,1.0
1.0,1.0
1.0,1.0
1.0,1.0
1.0,1.0
1.0,1.0
1.0,1.0
1.0,1.0
1.0,1.0
1.0,1.0
1.0,1.0
1.0,1.0
1.0,1.0
1.0,1.0
1.0,1.0
1.0,1.0
1.0,1.0
1.0,1.0
1.0,1.0
1.0,1.0
1.0,1.0
1.0,1.0
1.0,1.0
1.0,1.0
1.0,1.0
1.0,1.0
1.0,1.0
1.0,1.0
1.0,1.0
1.0,1.0
1.0,1.0
1.0,1.0
1.0,1.0
1.0,1.0
1.0,1.0
1.0,1.0
1.0,1.0
1.0,1.0
1.0,1.0
1.0,1.0
1.0,1.0
1.0,1.0
1.0,1.0
1.0,1.0
1.0,1.0
1.0,1.0
1.0,1.0
1.0,1.0
1.0,1.0
1.0,1.0
1.0,1.0
1.0,1.0
1.0,1.0
1.0,1.0
1.0,1.0
1.0,1.0
1.0,1.0
1.0,1.0
1.0,1.0
1.0,1.0
1.0,1.0
1.0,1.0
1.0,1.0
1.0,1.0
1.0,1.0
1.0,1.0
1.0,1.0
1.0,1.0
1.0,1.0
1.0,1.0
1.0,1.0
1.0,1.0
1.0,1.0
1.0,1.0
1.0,1.0
1.0,1.0
1.0,1.0
1.0,1.0
1.0,1.0
1.0,1.0
1.0,1.0
1.0,1.0
1.0,1.0
1.0,1.0
1.0,1.0
1.0,1.0
1.0,1.0
1.0,1.0
1.0,1.0
1.0,1.0
1.0,1.0
1.0,1.0
1.0,1.0
1.0,1.0
1.0,1.0
1.0,1.0
1.0,1.0
1.0,1.0
1.0,1.0
1.0,1.0
1.0,1.0
1.0,1.0
1.0,1.0
1.0,1.0
1.0,1.0
1.0,1.0
1.0,1.0
1.0,1.0
1.0,1.0
1.0,1.0
1.0,1.0
1.0,1.0
1.0,1.0
1.0,1.0
1.0,1.0
1.0,1.0
1.0,1.0
1.0,1.0
1.0,1.0
1.0,1.0
1.0,1.0
1.0,1.0
1.0,1.0
1.0,1.0
1.0,1.0
1.0,1.0
1.0,1.0
1.0,1.0
1.0,1.0
1.0,1.0
1.0,1.0
1.0,1.0
1.0,1.0
1.0,1.0
1.0,1.0
1.0,1.0
1.0,1.0
1.0,1.0
1.0,1.0
1.0,1.0
1.0,1.0
1.0,1.0
1.0,1.0
1.0,1.0
1.0,1.0
1.0,1.0
1.0,1.0
1.0,1.0
1.0,1.0
1.0,1.0
1.0,1.0
1.0,1.0
1.0,1.0
1.0,1.0
1.0,1.0
1.0,1.0
1.0,1.0
1.0,1.0
1.0,1.0
1.0,1.0
1.0,1.0
1.0,1.0
1.0,1.0
1.0,1.0
1.0,1.0
1.0,1.0
1.0,1.0
1.0,1.0
1.0,1.0
1.0,1.0
1.0,1.0
1.0,1.0
1.0,1.0
1.0,1.0
1.0,1.0
1.0,1.0
1.0,1.0
1.0,1.0
1.0,1.0
1.0,1.0
1.0,1.0
1.0,1.0
1.0,1.0
1.0,1.0
1.0,1.0
1.0,1.0
1.0,1.0
1.0,1.0
1.0,1.0
1.0,1.0
1.0,1.0
1.0,1.0
1.0,1.0
1.0,1.0
1.0,1.0
1.0,1.0
1.0,1.0
1.0,1.0
1.0,1.0
1.0,1.0
1.0,1.0
1.0,1.0
1.0,1.0
1.0,1.0
1.0,1.0
1.0,1.0
1.0,1.0
1.0,1.0
1.0,1.0
1.0,1.0
1.0,1.0
1.0,1.0
1.0,1.0
1.0,1.0
1.0,1.0
1.0,1.0
1.0,1.0
1.0,1.0
1.0,1.0
1.0,1.0
1.0,1.0
1.0,1.0
1.0,1.0
1.0,1.0
1.0,1.0
1.0,1.0
1.0,1.0
1.0,1.0
1.0,1.0
1.0,1.0
1.0,1.0
1.0,1.0
1.0,1.0
1.0,1.0
1.0,1.0
1.0,1.0
1.0,1.0
1.0,1.0
1.0,1.0
1.0,1.0
1.0,1.0
1.0,1.0
1.0,1.0
1.0,1.0
1.0,1.0
1.0,1.0
1.0,1.0
1.0,1.0
1.0,1.0
1.0,1.0
1.0,1.0
1.0,1.0
1.0,1.0
1.0,1.0
1.0,1.0
1.0,1.0
1.0,1.0
1.0,1.0
1.0,1.0
1.0,1.0
1.0,1.0
1.0,1.0
1.0,1.0
1.0,1.0
1.0,1.0
1.0,1.0
1.0,1.0
1.0,1.0
1.0,1.0
1.0,1.0
1.0,1.0
1.0,1.0
1.0,1.0
1.0,1.0
1.0,1.0
1.0,1.0
1.0,1.0
1.0,1.0
1.0,1.0
1.0,1.0
1.0,1.0
1.0,1.0
1.0,1.0
1.0,1.0
1.0,1.0
1.0,1.0
1.0,1.0
1.0,1.0
1.0,1.0
1.0,1.0
1.0,1.0
1.0,1.0
1.0,1.0
1.0,1.0
1.0,1.0
1.0,1.0
1.0,1.0
1.0,1.0
1.0,1.0
1.0,1.0
1.0,1.0
1.0,1.0
1.0,1.0
1.0,1.0
1.0,1.0
1.0,1.0
1.0,1.0
1.0,1.0
1.0,1.0
1.0,1.0
1.0,1.0
1.0,1.0
1.0,1.0
1.0,1.0
1.0,1.0
1.0,1.0
1.0,1.0
1.0,1.0
1.0,1.0
1.0,1.0
1.0,1.0
1.0,1.0
1.0,1.0
1.0,1.0
1.0,1.0
1.0,1.0
1.0,1.0
1.0,1.0
1.0,1.0
1.0,1.0
1.0,1.0
1.0,1.0
1.0,1.0
1.0,1.0
1.0,1.0
1.0,1.0
1.0,1.0
1.0,1.0
1.0,1.0
1.0,1.0
1.0,1.0
1.0,1.0
1.0,1.0
1.0,1.0
1.0,1.0
1.0,1.0
1.0,1.0
1.0,1.0
1.0,1.0
1.0,1.0
1.0,1.0
1.0,1.0
1.0,1.0
1.0,1.0
1.0,1.0
1.0,1.0
1.0,1.0
1.0,1.0
1.0,1.0
1.0,1.0
1.0,1.0
1.0,1.0
1.0,1.0
1.0,1.0
1.0,1.0
1.0,1.0
1.0,1.0
1.0,1.0
1.0,1.0
1.0,1.0
1.0,1.0
1.0,1.0
1.0,1.0
1.0,1.0
1.0,1.0
1.0,1.0
1.0,1.0
1.0,1.0
1.0,1.0
1.0,1.0
1.0,1.0
1.0,1.0
1.0,1.0
1.0,1.0
1.0,1.0
1.0,1.0
1.0,1.0
1.0,1.0
1.0,1.0
1.0,1.0
1.0,1.0
1.0,1.0
1.0,1.0
1.0,1.0
1.0,1.0
1.0,1.0
1.0,1.0
1.0,1.0
1.0,1.0
1.0,1.0
1.0,1.0
1.0,1.0
1.0,1.0
1.0,1.0
1.0,1.0
1.0,1.0
1.0,1.0
1.0,1.0
1.0,1.0
1.0,1.0
1.0,1.0
1.0,1.0
1.0,1.0
1.0,1.0
1.0,1.0
1.0,1.0
1.0,1.0
1.0,1.0
1.0,1.0
1.0,1.0
1.0,1.0
1.0,1.0
1.0,1.0
1.0,1.0
1.0,1.0
1.0,1.0
1.0,1.0
1.0,1.0
1.0,1.0
1.0,1.0
1.0,1.0
1.0,1.0
1.0,1.0
1.0,1.0
1.0,1.0
1.0,1.0
1.0,1.0
1.0,1.0
1.0,1.0
1.0,1.0
1.0,1.0
1.0,1.0
1.0,1.0
1.0,1.0
1.0,1.0
1.0,1.0
1.0,1.0
1.0,1.0
1.0,1.0
1.0,1.0
1.0,1.0
1.0,1.0
1.0,1.0
1.0,1.0
1.0,1.0
1.0,1.0
1.0,1.0
1.0,1.0
1.0,1.0
1.0,1.0
1.0,1.0
1.0,1.0
1.0,1.0
1.0,1.0
1.0,1.0
1.0,1.0
1.0,1.0
1.0,1.0
1.0,1.0
1.0,1.0
1.0,1.0
1.0,1.0
1.0,1.0
1.0,1.0
1.0,1.0
1.0,1.0
1.0,1.0
1.0,1.0
1.0,1.0
1.0,1.0
1.0,1.0
1.0,1.0
1.0,1.0
1.0,1.0
1.0,1.0
1.0,1.0
1.0,1.0
1.0,1.0
1.0,1.0
1.0,1.0
1.0,1.0
1.0,1.0
1.0,1.0
1.0,1.0
1.0,1.0
1.0,1.0
1.0,1.0
1.0,1.0
1.0,1.0
1.0,1.0
1.0,1.0
1.0,1.0
1.0,1.0
1.0,1.0
1.0,1.0
1.0,1.0
1.0,1.0
1.0,1.0
1.0,1.0
1.0,1.0
1.0,1.0
1.0,1.0
1.0,1.0
1.0,1.0
1.0,1.0
1.0,1.0
1.0,1.0
1.0,1.0
1.0,1.0
1.0,1.0
1.0,1.0
1.0,1.0
1.0,1.0
1.0,1.0
1.0,1.0
1.0,1.0
1.0,1.0
1.0,1.0
1.0,1.0
1.0,1.0
1.0,1.0
1.0,1.0
1.0,1.0
1.0,1.0
1.0,1.0
1.0,1.0
1.0,1.0
1.0,1.0
1.0,1.0
1.0,1.0
1.0,1.0
1.0,1.0
1.0,1.0
1.0,1.0
1.0,1.0
1.0,1.0
1.0,1.0
1.0,1.0
1.0,1.0
1.0,1.0
1.0,1.0
1.0,1.0
1.0,1.0
1.0,1.0
1.0,1.0
1.0,1.0
1.0,1.0
1.0,1.0
1.0,1.0
1.0,1.0
1.0,1.0
1.0,1.0
1.0,1.0
1.0,1.0
1.0,1.0
1.0,1.0
1.0,1.0
1.0,1.0
1.0,1.0
1.0,1.0
1.0,1.0
1.0,1.0
1.0,1.0
1.0,1.0
1.0,1.0
1.0,1.0
1.0,1.0
1.0,1.0
1.0,1.0
1.0,1.0
1.0,1.0
1.0,1.0
1.0,1.0
1.0,1.0
1.0,1.0
1.0,1.0
1.0,1.0
1.0,1.0
1.0,1.0
1.0,1.0
1.0,1.0
1.0,1.0
1.0,1.0
1.0,1.0
1.0,1.0
1.0,1.0
1.0,1.0
1.0,1.0
1.0,1.0
1.0,1.0
1.0,1.0
1.0,1.0
1.0,1.0
1.0,1.0
1.0,1.0
1.0,1.0
1.0,1.0
1.0,1.0
1.0,1.0
1.0,1.0
1.0,1.0
1.0,1.0
1.0,1.0
1.0,1.0
1.0,1.0
1.0,1.0
1.0,1.0
1.0,1.0
1.0,1.0
1.0,1.0
1.0,1.0
1.0,1.0
1.0,1.0
1.0,1.0
1.0,1.0
1.0,1.0
1.0,1.0
1.0,1.0
1.0,1.0
1.0,1.0
1.0,1.0
1.0,1.0
1.0,1.0
1.0,1.0
1.0,1.0
1.0,1.0
1.0,1.0
1.0,1.0
1.0,1.0
1.0,1.0
1.0,1.0
1.0,1.0
1.0,1.0
1.0,1.0
1.0,1.0
1.0,1.0
1.0,1.0
1.0,1.0
1.0,1.0
1.0,1.0
1.0,1.0
1.0,1.0
1.0,1.0
1.0,1.0
1.0,1.0
1.0,1.0
1.0,1.0
1.0,1.0
1.0,1.0
1.0,1.0
1.0,1.0
1.0,1.0
1.0,1.0
1.0,1.0
1.0,1.0
1.0,1.0
1.0,1.0
1.0,1.0
1.0,1.0
1.0,1.0
1.0,1.0
1.0,1.0
1.0,1.0
1.0,1.0
1.0,1.0
1.0,1.0
1.0,1.0
1.0,1.0
1.0,1.0
1.0,1.0
1.0,1.0
1.0,1.0
1.0,1.0
1.0,1.0
1.0,1.0
1.0,1.0
1.0,1.0
1.0,1.0
1.0,1.0
1.0,1.0
1.0,1.0
1.0,1.0
1.0,1.0
1.0,1.0
1.0,1.0
1.0,1.0
1.0,1.0
1.0,1.0
1.0,1.0
1.0,1.0
1.0,1.0
1.0,1.0
1.0,1.0
1.0,1.0
1.0,1.0
1.0,1.0
1.0,1.0
1.0,1.0
1.0,1.0
1.0,1.0
1.0,1.0
1.0,1.0
1.0,1.0
1.0,1.0
1.0,1.0
1.0,1.0
1.0,1.0
1.0,1.0
1.0,1.0
1.0,1.0
1.0,1.0
1.0,1.0
1.0,1.0
1.0,1.0
1.0,1.0
1.0,1.0
1.0,1.0
1.0,1.0
1.0,1.0
1.0,1.0
1.0,1.0
1.0,1.0
1.0,1.0
1.0,1.0
1.0,1.0
1.0,1.0
1.0,1.0
1.0,1.0
1.0,1.0
1.0,1.0
1.0,1.0
1.0,1.0
1.0,1.0
1.0,1.0
1.0,1.0
1.0,1.0
1.0,1.0
1.0,1.0
1.0,1.0
1.0,1.0
1.0,1.0
1.0,1.0
1.0,1.0
1.0,1.0
1.0,1.0
1.0,1.0
1.0,1.0
1.0,1.0
1.0,1.0
1.0,1.0
1.0,1.0
1.0,1.0
1.0,1.0
1.0,1.0
1.0,1.0
1.0,1.0
1.0,1.0
1.0,1.0
1.0,1.0
1.0,1.0
1.0,1.0
1.0,1.0
1.0,1.0
1.0,1.0
1.0,1.0
1.0,1.0
1.0,1.0
1.0,1.0
1.0,1.0
1.0,1.0
1.0,1.0
1.0,1.0
1.0,1.0
1.0,1.0
1.0,1.0
1.0,1.0
1.0,1.0
1.0,1.0
1.0,1.0
1.0,1.0
1.0,1.0
1.0,1.0
1.0,1.0
1.0,1.0
1.0,1.0
1.0,1.0
1.0,1.0
1.0,1.0
1.0,1.0
1.0,1.0
1.0,1.0
1.0,1.0
1.0,1.0
1.0,1.0
1.0,1.0
1.0,1.0
1.0,1.0
1.0,1.0
1.0,1.0
1.0,1.0
1.0,1.0
1.0,1.0
1.0,1.0
1.0,1.0
1.0,1.0
1.0,1.0
1.0,1.0
1.0,1.0
1.0,1.0
1.0,1.0
1.0,1.0
1.0,1.0
1.0,1.0
1.0,1.0
1.0,1.0
1.0,1.0
1.0,1.0
1.0,1.0
1.0,1.0
1.0,1.0
1.0,1.0
1.0,1.0
1.0,1.0
1.0,1.0
1.0,1.0
1.0,1.0
1.0,1.0
1.0,1.0
1.0,1.0
1.0,1.0
1.0,1.0
1.0,1.0
1.0,1.0
1.0,1.0
1.0,1.0
1.0,1.0
1.0,1.0
1.0,1.0
1.0,1.0
1.0,1.0
1.0,1.0
1.0,1.0
1.0,1.0
1.0,1.0
1.0,1.0
1.0,1.0
1.0,1.0
1.0,1.0
1.0,1.0
1.0,1.0
1.0,1.0
1.0,1.0
1.0,1.0
1.0,1.0
1.0,1.0
1.0,1.0
1.0,1.0
1.0,1.0
1.0,1.0
1.0,1.0
1.0,1.0
1.0,1.0
1.0,1.0
1.0,1.0
1.0,1.0
1.0,1.0
1.0,1.0
1.0,1.0
1.0,1.0
1.0,1.0
1.0,1.0
1.0,1.0
1.0,1.0
1.0,1.0
1.0,1.0
1.0,1.0
1.0,1.0
1.0,1.0
1.0,1.0
1.0,1.0
1.0,1.0
1.0,1.0
1.0,1.0
1.0,1.0
1.0,1.0
1.0,1.0
1.0,1.0
1.0,1.0
1.0,1.0
1.0,1.0
1.0,1.0
1.0,1.0
1.0,1.0
1.0,1.0
1.0,1.0
1.0,1.0
1.0,1.0
1.0,1.0
1.0,1.0
1.0,1.0
1.0,1.0
1.0,1.0
1.0,1.0
1.0,1.0
1.0,1.0
1.0,1.0
1.0,1.0
1.0,1.0
1.0,1.0
1.0,1.0
1.0,1.0
1.0,1.0
1.0,1.0
1.0,1.0
1.0,1.0
1.0,1.0
1.0,1.0
1.0,1.0
1.0,1.0
1.0,1.0
1.0,1.0
1.0,1.0
1.0,1.0
1.0,1.0
1.0,1.0
1.0,1.0
1.0,1.0
1.0,1.0
1.0,1.0
1.0,1.0
1.0,1.0
1.0,1.0
1.0,1.0
1.0,1.0
1.0,1.0
1.0,1.0
1.0,1.0
1.0,1.0
1.0,1.0
1.0,1.0
1.0,1.0
1.0,1.0
1.0,1.0
1.0,1.0
1.0,1.0
1.0,1.0
1.0,1.0
1.0,1.0
1.0,1.0
1.0,1.0
1.0,1.0
1.0,1.0
1.0,1.0
1.0,1.0
1.0,1.0
1.0,1.0
1.0,1.0
1.0,1.0
1.0,1.0
1.0,1.0
1.0,1.0
1.0,1.0
1.0,1.0
1.0,1.0
1.0,1.0
1.0,1.0
1.0,1.0
1.0,1.0
1.0,1.0
1.0,1.0
1.0,1.0
1.0,1.0
1.0,1.0
1.0,1.0
1.0,1.0
1.0,1.0
1.0,1.0
1.0,1.0
1.0,1.0
1.0,1.0
1.0,1.0
1.0,1.0
1.0,1.0
1.0,1.0
1.0,1.0
1.0,1.0
1.0,1.0
1.0,1.0
1.0,1.0
1.0,1.0
1.0,1.0
1.0,1.0
1.0,1.0
1.0,1.0
1.0,1.0
1.0,1.0
1.0,1.0
1.0,1.0
1.0,1.0
1.0,1.0
1.0,1.0
1.0,1.0
1.0,1.0
1.0,1.0
1.0,1.0
1.0,1.0
1.0,1.0
1.0,1.0
1.0,1.0
1.0,1.0
1.0,1.0
1.0,1.0
1.0,1.0
1.0,1.0
1.0,1.0
1.0,1.0
1.0,1.0
1.0,1.0
1.0,1.0
1.0,1.0
1.0,1.0
1.0,1.0
1.0,1.0
1.0,1.0
1.0,1.0
1.0,1.0
1.0,1.0
1.0,1.0
1.0,1.0
1.0,1.0
1.0,1.0
1.0,1.0
1.0,1.0
1.0,1.0
1.0,1.0
1.0,1.0
1.0,1.0
1.0,1.0
1.0,1.0
1.0,1.0
1.0,1.0
1.0,1.0
1.0,1.0
1.0,1.0
1.0,1.0
1.0,1.0
1.0,1.0
1.0,1.0
1.0,1.0
1.0,1.0
1.0,1.0
1.0,1.0
1.0,1.0
1.0,1.0
1.0,1.0
1.0,1.0
1.0,1.0
1.0,1.0
1.0,1.0
1.0,1.0
1.0,1.0
1.0,1.0
1.0,1.0
1.0,1.0
1.0,1.0
1.0,1.0
1.0,1.0
1.0,1.0
1.0,1.0
1.0,1.0
1.0,1.0
1.0,1.0
1.0,1.0
1.0,1.0
1.0,1.0
1.0,1.0
1.0,1.0
1.0,1.0
1.0,1.0
1.0,1.0
1.0,1.0
1.0,1.0
1.0,1.0
1.0,1.0
1.0,1.0
1.0,1.0
1.0,1.0
1.0,1.0
1.0,1.0
1.0,1.0
1.0,1.0
1.0,1.0
1.0,1.0
1.0,1.0
1.0,1.0
1.0,1.0
1.0,1.0
1.0,1.0
1.0,1.0
1.0,1.0
1.0,1.0
1.0,1.0
1.0,1.0
1.0,1.0
1.0,1.0
1.0,1.0
1.0,1.0
1.0,1.0
1.0,1.0
1.0,1.0
1.0,1.0
1.0,1.0
1.0,1.0
1.0,1.0
1.0,1.0
1.0,1.0
1.0,1.0
1.0,1.0
1.0,1.0
1.0,1.0
1.0,1.0
1.0,1.0
1.0,1.0
1.0,1.0
1.0,1.0
1.0,1.0
1.0,1.0
1.0,1.0
1.0,1.0
1.0,1.0
1.0,1.0
1.0,1.0
1.0,1.0
1.0,1.0
1.0,1.0
1.0,1.0
1.0,1.0
1.0,1.0
1.0,1.0
1.0,1.0
1.0,1.0
1.0,1.0
1.0,1.0
1.0,1.0
1.0,1.0
1.0,1.0
1.0,1.0
1.0,1.0
1.0,1.0
1.0,1.0
1.0,1.0
1.0,1.0
1.0,1.0
1.0,1.0
1.0,1.0
1.0,1.0
1.0,1.0
1.0,1.0
1.0,1.0
1.0,1.0
1.0,1.0
1.0,1.0
1.0,1.0
1.0,1.0
1.0,1.0
1.0,1.0
1.0,1.0
1.0,1.0
1.0,1.0
1.0,1.0
1.0,1.0
1.0,1.0
1.0,1.0
1.0,1.0
1.0,1.0
1.0,1.0
1.0,1.0
1.0,1.0
1.0,1.0
1.0,1.0
1.0,1.0
1.0,1.0
1.0,1.0
1.0,1.0
1.0,1.0
1.0,1.0
1.0,1.0
1.0,1.0
1.0,1.0
1.0,1.0
1.0,1.0
1.0,1.0
1.0,1.0
1.0,1.0
1.0,1.0
1.0,1.0
1.0,1.0
1.0,1.0
1.0,1.0
1.0,1.0
1.0,1.0
1.0,1.0
1.0,1.0
1.0,1.0
1.0,1.0
1.0,1.0
1.0,1.0
1.0,1.0
1.0,1.0
1.0,1.0
1.0,1.0
1.0,1.0
1.0,1.0
1.0,1.0
1.0,1.0
1.0,1.0
1.0,1.0
1.0,1.0
1.0,1.0
1.0,1.0
1.0,1.0
1.0,1.0
1.0,1.0
1.0,1.0
1.0,1.0
1.0,1.0
1.0,1.0
1.0,1.0
1.0,1.0
1.0,1.0
1.0,1.0
1.0,1.0
1.0,1.0
1.0,1.0
1.0,1.0
1.0,1.0
1.0,1.0
1.0,1.0
1.0,1.0
1.0,1.0
1.0,1.0
1.0,1.0
1.0,1.0
1.0,1.0
1.0,1.0
1.0,1.0
1.0,1.0
1.0,1.0
1.0,1.0
1.0,1.0
1.0,1.0
1.0,1.0
1.0,1.0
1.0,1.0
1.0,1.0
1.0,1.0
1.0,1.0
1.0,1.0
1.0,1.0
1.0,1.0
1.0,1.0
1.0,1.0
1.0,1.0
1.0,1.0
1.0,1.0
1.0,1.0
1.0,1.0
1.0,1.0
1.0,1.0
1.0,1.0
1.0,1.0
1.0,1.0
1.0,1.0
1.0,1.0
1.0,1.0
1.0,1.0
1.0,1.0
1.0,1.0
1.0,1.0
1.0,1.0
1.0,1.0
1.0,1.0
1.0,1.0
1.0,1.0
1.0,1.0
1.0,1.0
1.0,1.0
1.0,1.0
1.0,1.0
1.0,1.0
1.0,1.0
1.0,1.0
1.0,1.0
1.0,1.0
1.0,1.0
1.0,1.0
1.0,1.0
1.0,1.0
1.0,1.0
1.0,1.0
1.0,1.0
1.0,1.0
1.0,1.0
1.0,1.0
1.0,1.0
1.0,1.0
1.0,1.0
1.0,1.0
1.0,1.0
1.0,1.0
1.0,1.0
1.0,1.0
1.0,1.0
1.0,1.0
1.0,1.0
1.0,1.0
1.0,1.0
1.0,1.0
1.0,1.0
1.0,1.0
1.0,1.0
1.0,1.0
1.0,1.0
1.0,1.0
1.0,1.0
1.0,1.0
1.0,1.0
1.0,1.0
1.0,1.0
1.0,1.0
1.0,1.0
1.0,1.0
1.0,1.0
1.0,1.0
1.0,1.0
1.0,1.0
1.0,1.0
1.0,1.0
1.0,1.0
1.0,1.0
1.0,1.0
1.0,1.0
1.0,1.0
1.0,1.0
1.0,1.0
1.0,1.0
1.0,1.0
1.0,1.0
1.0,1.0
1.0,1.0
1.0,1.0
1.0,1.0
1.0,1.0
1.0,1.0
1.0,1.0
1.0,1.0
1.0,1.0
1.0,1.0
1.0,1.0
1.0,1.0
1.0,1.0
1.0,1.0
1.0,1.0
1.0,1.0
1.0,1.0
1.0,1.0
1.0,1.0
1.0,1.0
1.0,1.0
1.0,1.0
1.0,1.0
1.0,1.0
1.0,1.0
1.0,1.0
1.0,1.0
1.0,1.0
1.0,1.0
1.0,1.0
1.0,1.0
1.0,1.0
1.0,1.0
1.0,1.0
1.0,1.0
1.0,1.0
1.0,1.0
1.0,1.0
1.0,1.0
1.0,1.0
1.0,1.0
1.0,1.0
1.0,1.0
1.0,1.0
1.0,1.0
1.0,1.0
1.0,1.0
1.0,1.0
1.0,1.0
1.0,1.0
1.0,1.0
1.0,1.0
1.0,1.0
1.0,1.0
1.0,1.0
1.0,1.0
1.0,1.0
1.0,1.0
1.0,1.0
1.0,1.0
1.0,1.0
1.0,1.0
1.0,1.0
1.0,1.0
1.0,1.0
1.0,1.0
1.0,1.0
1.0,1.0
1.0,1.0
1.0,1.0
1.0,1.0
1.0,1.0
1.0,1.0
1.0,1.0
1.0,1.0
1.0,1.0
1.0,1.0
1.0,1.0
1.0,1.0
1.0,1.0
1.0,1.0
1.0,1.0
1.0,1.0
1.0,1.0
1.0,1.0
1.0,1.0
1.0,1.0
1.0,1.0
1.0,1.0
1.0,1.0
1.0,1.0
1.0,1.0
1.0,1.0
1.0,1.0
1.0,1.0
1.0,1.0
1.0,1.0
1.0,1.0
1.0,1.0
1.0,1.0
1.0,1.0
1.0,1.0
1.0,1.0
1.0,1.0
1.0,1.0
1.0,1.0
1.0,1.0
1.0,1.0
1.0,1.0
1.0,1.0
1.0,1.0
1.0,1.0
1.0,1.0
1.0,1.0
1.0,1.0
1.0,1.0
1.0,1.0
1.0,1.0
1.0,1.0
1.0,1.0
1.0,1.0
1.0,1.0
1.0,1.0
1.0,1.0
1.0,1.0
1.0,1.0
1.0,1.0
1.0,1.0
1.0,1.0
1.0,1.0
1.0,1.0
1.0,1.0
1.0,1.0
1.0,1.0
1.0,1.0
1.0,1.0
1.0,1.0
1.0,1.0
1.0,1.0
1.0,1.0
1.0,1.0
1.0,1.0
1.0,1.0
1.0,1.0
1.0,1.0
1.0,1.0
1.0,1.0
1.0,1.0
1.0,1.0
1.0,1.0
1.0,1.0
1.0,1.0
1.0,1.0
1.0,1.0
1.0,1.0
1.0,1.0
1.0,1.0
1.0,1.0
1.0,1.0
1.0,1.0
1.0,1.0
1.0,1.0
1.0,1.0
1.0,1.0
1.0,1.0
1.0,1.0
1.0,1.0
1.0,1.0
1.0,1.0
1.0,1.0
1.0,1.0
1.0,1.0
1.0,1.0
1.0,1.0
1.0,1.0
1.0,1.0
1.0,1.0
1.0,1.0
1.0,1.0
1.0,1.0
1.0,1.0
1.0,1.0
1.0,1.0
1.0,1.0
1.0,1.0
1.0,1.0
1.0,1.0
1.0,1.0
1.0,1.0
1.0,1.0
1.0,1.0
1.0,1.0
1.0,1.0
1.0,1.0
1.0,1.0
1.0,1.0
1.0,1.0
1.0,1.0
1.0,1.0
1.0,1.0
1.0,1.0
1.0,1.0
1.0,1.0
1.0,1.0
1.0,1.0
1.0,1.0
1.0,1.0
1.0,1.0
1.0,1.0
1.0,1.0
1.0,1.0
1.0,1.0
1.0,1.0
1.0,1.0
1.0,1.0
1.0,1.0
1.0,1.0
1.0,1.0
1.0,1.0
1.0,1.0
1.0,1.0
1.0,1.0
1.0,1.0
1.0,1.0
1.0,1.0
1.0,1.0
1.0,1.0
1.0,1.0
1.0,1.0
1.0,1.0
1.0,1.0
1.0,1.0
1.0,1.0
1.0,1.0
1.0,1.0
1.0,1.0
1.0,1.0
1.0,1.0
1.0,1.0
1.0,1.0
1.0,1.0
1.0,1.0
1.0,1.0
1.0,1.0
1.0,1.0
1.0,1.0
1.0,1.0
1.0,1.0
1.0,1.0
1.0,1.0
1.0,1.0
1.0,1.0
1.0,1.0
1.0,1.0
1.0,1.0
1.0,1.0
1.0,1.0
1.0,1.0
1.0,1.0
1.0,1.0
1.0,1.0
1.0,1.0
1.0,1.0
1.0,1.0
1.0,1.0
1.0,1.0
1.0,1.0
1.0,1.0
1.0,1.0
1.0,1.0
1.0,1.0
1.0,1.0
1.0,1.0
1.0,1.0
1.0,1.0
1.0,1.0
1.0,1.0
1.0,1.0
1.0,1.0
1.0,1.0
1.0,1.0
1.0,1.0
1.0,1.0
1.0,1.0
1.0,1.0
1.0,1.0
1.0,1.0
1.0,1.0
1.0,1.0
1.0,1.0
1.0,1.0
1.0,1.0
1.0,1.0
1.0,1.0
1.0,1.0
1.0,1.0
1.0,1.0
1.0,1.0
1.0,1.0
1.0,1.0
1.0,1.0
1.0,1.0
1.0,1.0
1.0,1.0
1.0,1.0
1.0,1.0
1.0,1.0
1.0,1.0
1.0,1.0
1.0,1.0
1.0,1.0
1.0,1.0
1.0,1.0
1.0,1.0
1.0,1.0
1.0,1.0
1.0,1.0
1.0,1.0
1.0,1.0
1.0,1.0
1.0,1.0
1.0,1.0
1.0,1.0
1.0,1.0
1.0,1.0
1.0,1.0
1.0,1.0
1.0,1.0
1.0,1.0
1.0,1.0
1.0,1.0
1.0,1.0
1.0,1.0
1.0,1.0
1.0,1.0
1.0,1.0
1.0,1.0
1.0,1.0
1.0,1.0
1.0,1.0
1.0,1.0
1.0,1.0
1.0,1.0
1.0,1.0
1.0,1.0
1.0,1.0
1.0,1.0
1.0,1.0
1.0,1.0
1.0,1.0
1.0,1.0
1.0,1.0
1.0,1.0
1.0,1.0
1.0,1.0
1.0,1.0
1.0,1.0
1.0,1.0
1.0,1.0
1.0,1.0
1.0,1.0
1.0,1.0
1.0,1.0
1.0,1.0
1.0,1.0
1.0,1.0
1.0,1.0
1.0,1.0
1.0,1.0
1.0,1.0
1.0,1.0
1.0,1.0
1.0,1.0
1.0,1.0
1.0,1.0
1.0,1.0
1.0,1.0
1.0,1.0
1.0,1.0
1.0,1.0
1.0,1.0
1.0,1.0
1.0,1.0
1.0,1.0
1.0,1.0
1.0,1.0
1.0,1.0
1.0,1.0
1.0,1.0
1.0,1.0
1.0,1.0
1.0,1.0
1.0,1.0
1.0,1.0
1.0,1.0
1.0,1.0
1.0,1.0
1.0,1.0
1.0,1.0
1.0,1.0
1.0,1.0
1.0,1.0
1.0,1.0
1.0,1.0
1.0,1.0
1.0,1.0
1.0,1.0
1.0,1.0
1.0,1.0
1.0,1.0
1.0,1.0
1.0,1.0
1.0,1.0
1.0,1.0
1.0,1.0
1.0,1.0
1.0,1.0
1.0,1.0
1.0,1.0
1.0,1.0
1.0,1.0
1.0,1.0
1.0,1.0
1.0,1.0
1.0,1.0
1.0,1.0
1.0,1.0
1.0,1.0
1.0,1.0
1.0,1.0
1.0,1.0
1.0,1.0
1.0,1.0
1.0,1.0
1.0,1.0
1.0,1.0
1.0,1.0
1.0,1.0
1.0,1.0
1.0,1.0
1.0,1.0
1.0,1.0
1.0,1.0
1.0,1.0
1.0,1.0
1.0,1.0
1.0,1.0
1.0,1.0
1.0,1.0
1.0,1.0
1.0,1.0
1.0,1.0
1.0,1.0
1.0,1.0
1.0,1.0
1.0,1.0
1.0,1.0
1.0,1.0
1.0,1.0
1.0,1.0
1.0,1.0
1.0,1.0
1.0,1.0
1.0,1.0
1.0,1.0
1.0,1.0
1.0,1.0
1.0,1.0
1.0,1.0
1.0,1.0
1.0,1.0
1.0,1.0
1.0,1.0
1.0,1.0
1.0,1.0
1.0,1.0
1.0,1.0
1.0,1.0
1.0,1.0
1.0,1.0
1.0,1.0
1.0,1.0
1.0,1.0
1.0,1.0
1.0,1.0
1.0,1.0
1.0,1.0
1.0,1.0
1.0,1.0
1.0,1.0
1.0,1.0
1.0,1.0
1.0,1.0
1.0,1.0
1.0,1.0
1.0,1.0
1.0,1.0
1.0,1.0
1.0,1.0
1.0,1.0
1.0,1.0
1.0,1.0
1.0,1.0
1.0,1.0
1.0,1.0
1.0,1.0
1.0,1.0
1.0,1.0
1.0,1.0
1.0,1.0
1.0,1.0
1.0,1.0
1.0,1.0
1.0,1.0
1.0,1.0
1.0,1.0
1.0,1.0
1.0,1.0
1.0,1.0
1.0,1.0
1.0,1.0
1.0,1.0
1.0,1.0
1.0,1.0
1.0,1.0
1.0,1.0
1.0,1.0
1.0,1.0
1.0,1.0
1.0,1.0
1.0,1.0
1.0,1.0
1.0,1.0
1.0,1.0
1.0,1.0
1.0,1.0
1.0,1.0
1.0,1.0
1.0,1.0
1.0,1.0
1.0,1.0
1.0,1.0
1.0,1.0
1.0,1.0
1.0,1.0
1.0,1.0
1.0,1.0
1.0,1.0
1.0,1.0
1.0,1.0
1.0,1.0
1.0,1.0
1.0,1.0
1.0,1.0
1.0,1.0
1.0,1.0
1.0,1.0
1.0,1.0
1.0,1.0
1.0,1.0
1.0,1.0
1.0,1.0
1.0,1.0
1.0,1.0
1.0,1.0
1.0,1.0
1.0,1.0
1.0,1.0
1.0,1.0
1.0,1.0
1.0,1.0
1.0,1.0
1.0,1.0
1.0,1.0
1.0,1.0
1.0,1.0
1.0,1.0
1.0,1.0
1.0,1.0
1.0,1.0
1.0,1.0
1.0,1.0
1.0,1.0
1.0,1.0
1.0,1.0
1.0,1.0
1.0,1.0
1.0,1.0
1.0,1.0
1.0,1.0
1.0,1.0
1.0,1.0
1.0,1.0
1.0,1.0
1.0,1.0
1.0,1.0
1.0,1.0
1.0,1.0
1.0,1.0
1.0,1.0
1.0,1.0
1.0,1.0
1.0,1.0
1.0,1.0
1.0,1.0
1.0,1.0
1.0,1.0
1.0,1.0
1.0,1.0
1.0,1.0
1.0,1.0
1.0,1.0
1.0,1.0
1.0,1.0
1.0,1.0
1.0,1.0
1.0,1.0
1.0,1.0
1.0,1.0
1.0,1.0
1.0,1.0
1.0,1.0
1.0,1.0
1.0,1.0
1.0,1.0
1.0,1.0
1.0,1.0
1.0,1.0
1.0,1.0
1.0,1.0
1.0,1.0
1.0,1.0
1.0,1.0
1.0,1.0
1.0,1.0
1.0,1.0
1.0,1.0
1.0,1.0
1.0,1.0
1.0,1.0
1.0,1.0
1.0,1.0
1.0,1.0
1.0,1.0
1.0,1.0
1.0,1.0
1.0,1.0
1.0,1.0
1.0,1.0
1.0,1.0
1.0,1.0
1.0,1.0
1.0,1.0
1.0,1.0
1.0,1.0
1.0,1.0
1.0,1.0
1.0,1.0
1.0,1.0
1.0,1.0
1.0,1.0
1.0,1.0
1.0,1.0
1.0,1.0
1.0,1.0
1.0,1.0
1.0,1.0
1.0,1.0
1.0,1.0
1.0,1.0
1.0,1.0
1.0,1.0
1.0,1.0
1.0,1.0
1.0,1.0
1.0,1.0
1.0,1.0
1.0,1.0
1.0,1.0
1.0,1.0
1.0,1.0
1.0,1.0
1.0,1.0
1.0,1.0
1.0,1.0
1.0,1.0
1.0,1.0
1.0,1.0
1.0,1.0
1.0,1.0
1.0,1.0
1.0,1.0
1.0,1.0
1.0,1.0
1.0,1.0
1.0,1.0
1.0,1.0
1.0,1.0
1.0,1.0
1.0,1.0
1.0,1.0
1.0,1.0
1.0,1.0
1.0,1.0
1.0,1.0
1.0,1.0
1.0,1.0
1.0,1.0
1.0,1.0
1.0,1.0
1.0,1.0
1.0,1.0
1.0,1.0
1.0,1.0
1.0,1.0
1.0,1.0
1.0,1.0
1.0,1.0
1.0,1.0
1.0,1.0
1.0,1.0
1.0,1.0
1.0,1.0
1.0,1.0
1.0,1.0
1.0,1.0
1.0,1.0
1.0,1.0
1.0,1.0
1.0,1.0
1.0,1.0
1.0,1.0
1.0,1.0
1.0,1.0
1.0,1.0
1.0,1.0
1.0,1.0
1.0,1.0
1.0,1.0
1.0,1.0
1.0,1.0
1.0,1.0
1.0,1.0
1.0,1.0
1.0,1.0
1.0,1.0
1.0,1.0
1.0,1.0
1.0,1.0
1.0,1.0
1.0,1.0
1.0,1.0
1.0,1.0
1.0,1.0
1.0,1.0
1.0,1.0
1.0,1.0
1.0,1.0
1.0,1.0
1.0,1.0
1.0,1.0
1.0,1.0
1.0,1.0
1.0,1.0
1.0,1.0
1.0,1.0
1.0,1.0
1.0,1.0
1.0,1.0
1.0,1.0
1.0,1.0
1.0,1.0
1.0,1.0
1.0,1.0
1.0,1.0
1.0,1.0
1.0,1.0
1.0,1.0
1.0,1.0
1.0,1.0
1.0,1.0
1.0,1.0
1.0,1.0
1.0,1.0
1.0,1.0
1.0,1.0
1.0,1.0
1.0,1.0
1.0,1.0
1.0,1.0
1.0,1.0
1.0,1.0
1.0,1.0
1.0,1.0
1.0,1.0
1.0,1.0
1.0,1.0
1.0,1.0
1.0,1.0
1.0,1.0
1.0,1.0
1.0,1.0
1.0,1.0
1.0,1.0
1.0,1.0
1.0,1.0
1.0,1.0
1.0,1.0
1.0,1.0
1.0,1.0
1.0,1.0
1.0,1.0
1.0,1.0
1.0,1.0
1.0,1.0
1.0,1.0
1.0,1.0
1.0,1.0
1.0,1.0
1.0,1.0
1.0,1.0
1.0,1.0
1.0,1.0
1.0,1.0
1.0,1.0
1.0,1.0
1.0,1.0
1.0,1.0
1.0,1.0
1.0,1.0
1.0,1.0
1.0,1.0
1.0,1.0
1.0,1.0
1.0,1.0
1.0,1.0
1.0,1.0
1.0,1.0
1.0,1.0
1.0,1.0
1.0,1.0
1.0,1.0
1.0,1.0
1.0,1.0
1.0,1.0
1.0,1.0
1.0,1.0
1.0,1.0
1.0,1.0
1.0,1.0
1.0,1.0
1.0,1.0
1.0,1.0
1.0,1.0
1.0,1.0
1.0,1.0
1.0,1.0
1.0,1.0
1.0,1.0
1.0,1.0
1.0,1.0
1.0,1.0
1.0,1.0
1.0,1.0
1.0,1.0
1.0,1.0
1.0,1.0
1.0,1.0
1.0,1.0
1.0,1.0
1.0,1.0
1.0,1.0
1.0,1.0
1.0,1.0
1.0,1.0
1.0,1.0
1.0,1.0
1.0,1.0
1.0,1.0
1.0,1.0
1.0,1.0
1.0,1.0
1.0,1.0
1.0,1.0
1.0,1.0
1.0,1.0
1.0,1.0
1.0,1.0
1.0,1.0
1.0,1.0
1.0,1.0
1.0,1.0
1.0,1.0
1.0,1.0
1.0,1.0
1.0,1.0
1.0,1.0
1.0,1.0
1.0,1.0
1.0,1.0
1.0,1.0
1.0,1.0
1.0,1.0
1.0,1.0
1.0,1.0
1.0,1.0
1.0,1.0
1.0,1.0
1.0,1.0
1.0,1.0
1.0,1.0
1.0,1.0
1.0,1.0
1.0,1.0
1.0,1.0
1.0,1.0
1.0,1.0
1.0,1.0
1.0,1.0
1.0,1.0
1.0,1.0
1.0,1.0
1.0,1.0
1.0,1.0
1.0,1.0
1.0,1.0
1.0,1.0
1.0,1.0
1.0,1.0
1.0,1.0
1.0,1.0
1.0,1.0
1.0,1.0
1.0,1.0
1.0,1.0
1.0,1.0
1.0,1.0
1.0,1.0
1.0,1.0
1.0,1.0
1.0,1.0
1.0,1.0
1.0,1.0
1.0,1.0
1.0,1.0
1.0,1.0
1.0,1.0
1.0,1.0
1.0,1.0
1.0,1.0
1.0,1.0
1.0,1.0
1.0,1.0
1.0,1.0
1.0,1.0
1.0,1.0
1.0,1.0
1.0,1.0
1.0,1.0
1.0,1.0
1.0,1.0
1.0,1.0
1.0,1.0
1.0,1.0
1.0,1.0
1.0,1.0
1.0,1.0
1.0,1.0
1.0,1.0
1.0,1.0
1.0,1.0
1.0,1.0
1.0,1.0
1.0,1.0
1.0,1.0
1.0,1.0
1.0,1.0
1.0,1.0
1.0,1.0
1.0,1.0
1.0,1.0
1.0,1.0
1.0,1.0
1.0,1.0
1.0,1.0
1.0,1.0
1.0,1.0
1.0,1.0
1.0,1.0
1.0,1.0
1.0,1.0
1.0,1.0
1.0,1.0
1.0,1.0
1.0,1.0
1.0,1.0
1.0,1.0
1.0,1.0
1.0,1.0
1.0,1.0
1.0,1.0
1.0,1.0
1.0,1.0
1.0,1.0
1.0,1.0
1.0,1.0
1.0,1.0
1.0,1.0
1.0,1.0
1.0,1.0
1.0,1.0
1.0,1.0
1.0,1.0
1.0,1.0
1.0,1.0
1.0,1.0
1.0,1.0
1.0,1.0
1.0,1.0
1.0,1.0
1.0,1.0
1.0,1.0
1.0,1.0
1.0,1.0
1.0,1.0
1.0,1.0
1.0,1.0
1.0,1.0
1.0,1.0
1.0,1.0
1.0,1.0
1.0,1.0
1.0,1.0
1.0,1.0
1.0,1.0
1.0,1.0
1.0,1.0
1.0,1.0
1.0,1.0
1.0,1.0
1.0,1.0
1.0,1.0
1.0,1.0
1.0,1.0
1.0,1.0
1.0,1.0
1.0,1.0
1.0,1.0
1.0,1.0
1.0,1.0
1.0,1.0
1.0,1.0
1.0,1.0
1.0,1.0
1.0,1.0
1.0,1.0
1.0,1.0
1.0,1.0
1.0,1.0
1.0,1.0
1.0,1.0
1.0,1.0
1.0,1.0
1.0,1.0
1.0,1.0
1.0,1.0
1.0,1.0
1.0,1.0
1.0,1.0
1.0,1.0
1.0,1.0
1.0,1.0
1.0,1.0
1.0,1.0
1.0,1.0
1.0,1.0
1.0,1.0
1.0,1.0
1.0,1.0
1.0,1.0
1.0,1.0
1.0,1.0
1.0,1.0
1.0,1.0
1.0,1.0
1.0,1.0
1.0,1.0
1.0,1.0
1.0,1.0
1.0,1.0
1.0,1.0
1.0,1.0
1.0,1.0
1.0,1.0
1.0,1.0
1.0,1.0
1.0,1.0
1.0,1.0
1.0,1.0
1.0,1.0
1.0,1.0
1.0,1.0
1.0,1.0
1.0,1.0
1.0,1.0
1.0,1.0
1.0,1.0
1.0,1.0
1.0,1.0
1.0,1.0
1.0,1.0
1.0,1.0
1.0,1.0
1.0,1.0
1.0,1.0
1.0,1.0
1.0,1.0
1.0,1.0
1.0,1.0
1.0,1.0
1.0,1.0
1.0,1.0
1.0,1.0
1.0,1.0
1.0,1.0
1.0,1.0
1.0,1.0
1.0,1.0
1.0,1.0
1.0,1.0
1.0,1.0
1.0,1.0
1.0,1.0
1.0,1.0
1.0,1.0
1.0,1.0
1.0,1.0
1.0,1.0
1.0,1.0
1.0,1.0
1.0,1.0
1.0,1.0
1.0,1.0
1.0,1.0
1.0,1.0
1.0,1.0
1.0,1.0
1.0,1.0
1.0,1.0
1.0,1.0
1.0,1.0
1.0,1.0
1.0,1.0
1.0,1.0
1.0,1.0
1.0,1.0
1.0,1.0
1.0,1.0
1.0,1.0
1.0,1.0
1.0,1.0
1.0,1.0
1.0,1.0
1.0,1.0
1.0,1.0
1.0,1.0
1.0,1.0
1.0,1.0
1.0,1.0
1.0,1.0
1.0,1.0
1.0,1.0
1.0,1.0
1.0,1.0
1.0,1.0
1.0,1.0
1.0,1.0
1.0,1.0
1.0,1.0
1.0,1.0
1.0,1.0
1.0,1.0
1.0,1.0
1.0,1.0
1.0,1.0
1.0,1.0
1.0,1.0
1.0,1.0
1.0,1.0
1.0,1.0
1.0,1.0
1.0,1.0
1.0,1.0
1.0,1.0
1.0,1.0
1.0,1.0
1.0,1.0
1.0,1.0
1.0,1.0
1.0,1.0
1.0,1.0
1.0,1.0
1.0,1.0
1.0,1.0
1.0,1.0
1.0,1.0
1.0,1.0
1.0,1.0
1.0,1.0
1.0,1.0
1.0,1.0
1.0,1.0
1.0,1.0
1.0,1.0
1.0,1.0
1.0,1.0
1.0,1.0
1.0,1.0
1.0,1.0
1.0,1.0
1.0,1.0
1.0,1.0
1.0,1.0
1.0,1.0
1.0,1.0
1.0,1.0
1.0,1.0
1.0,1.0
1.0,1.0
1.0,1.0
1.0,1.0
1.0,1.0
1.0,1.0
1.0,1.0
1.0,1.0
1.0,1.0
1.0,1.0
1.0,1.0
1.0,1.0
1.0,1.0
1.0,1.0
1.0,1.0
1.0,1.0
1.0,1.0
1.0,1.0
1.0,1.0
1.0,1.0
1.0,1.0
1.0,1.0
1.0,1.0
1.0,1.0
1.0,1.0
1.0,1.0
1.0,1.0
1.0,1.0
1.0,1.0
1.0,1.0
1.0,1.0
1.0,1.0
1.0,1.0
1.0,1.0
1.0,1.0
1.0,1.0
1.0,1.0
1.0,1.0
1.0,1.0
1.0,1.0
1.0,1.0
1.0,1.0
1.0,1.0
1.0,1.0
1.0,1.0
1.0,1.0
1.0,1.0
1.0,1.0
1.0,1.0
1.0,1.0
1.0,1.0
1.0,1.0
1.0,1.0
1.0,1.0
1.0,1.0
1.0,1.0
1.0,1.0
1.0,1.0
1.0,1.0
1.0,1.0
1.0,1.0
1.0,1.0
1.0,1.0
1.0,1.0
1.0,1.0
1.0,1.0
1.0,1.0
1.0,1.0
1.0,1.0
1.0,1.0
1.0,1.0
1.0,1.0
1.0,1.0
1.0,1.0
1.0,1.0
1.0,1.0
1.0,1.0
1.0,1.0
1.0,1.0
1.0,1.0
1.0,1.0
1.0,1.0
1.0,1.0
1.0,1.0
1.0,1.0
1.0,1.0
1.0,1.0
1.0,1.0
1.0,1.0
1.0,1.0
1.0,1.0
1.0,1.0
1.0,1.0
1.0,1.0
1.0,1.0
1.0,1.0
1.0,1.0
1.0,1.0
1.0,1.0
1.0,1.0
1.0,1.0
1.0,1.0
1.0,1.0
1.0,1.0
1.0,1.0
1.0,1.0
1.0,1.0
1.0,1.0
1.0,1.0
1.0,1.0
1.0,1.0
1.0,1.0
1.0,1.0
1.0,1.0
1.0,1.0
1.0,1.0
1.0,1.0
1.0,1.0
1.0,1.0
1.0,1.0
1.0,1.0
1.0,1.0
1.0,1.0
1.0,1.0
1.0,1.0
1.0,1.0
1.0,1.0
1.0,1.0
1.0,1.0
1.0,1.0
1.0,1.0
1.0,1.0
1.0,1.0
1.0,1.0
1.0,1.0
1.0,1.0
1.0,1.0
1.0,1.0
1.0,1.0
1.0,1.0
1.0,1.0
1.0,1.0
1.0,1.0
1.0,1.0
1.0,1.0
1.0,1.0
1.0,1.0
1.0,1.0
1.0,1.0
1.0,1.0
1.0,1.0
1.0,1.0
1.0,1.0
1.0,1.0
1.0,1.0
1.0,1.0
1.0,1.0
1.0,1.0
1.0,1.0
1.0,1.0
1.0,1.0
1.0,1.0
1.0,1.0
1.0,1.0
1.0,1.0
1.0,1.0
1.0,1.0
1.0,1.0
1.0,1.0
1.0,1.0
1.0,1.0
1.0,1.0
1.0,1.0
1.0,1.0
1.0,1.0
1.0,1.0
1.0,1.0
1.0,1.0
1.0,1.0
1.0,1.0
1.0,1.0
1.0,1.0
1.0,1.0
1.0,1.0
1.0,1.0
1.0,1.0
1.0,1.0
1.0,1.0
1.0,1.0
1.0,1.0
1.0,1.0
1.0,1.0
1.0,1.0
1.0,1.0
1.0,1.0
1.0,1.0
1.0,1.0
1.0,1.0
1.0,1.0
1.0,1.0
1.0,1.0
1.0,1.0
1.0,1.0
1.0,1.0
1.0,1.0
1.0,1.0
1.0,1.0
1.0,1.0
1.0,1.0
1.0,1.0
1.0,1.0
1.0,1.0
1.0,1.0
1.0,1.0
1.0,1.0
1.0,1.0
1.0,1.0
1.0,1.0
1.0,1.0
1.0,1.0
1.0,1.0
1.0,1.0
1.0,1.0
1.0,1.0
1.0,1.0
1.0,1.0
1.0,1.0
1.0,1.0
1.0,1.0
1.0,1.0
1.0,1.0
1.0,1.0
1.0,1.0
1.0,1.0
1.0,1.0
1.0,1.0
1.0,1.0
1.0,1.0
1.0,1.0
1.0,1.0
1.0,1.0
1.0,1.0
1.0,1.0
1.0,1.0
1.0,1.0
1.0,1.0
1.0,1.0
1.0,1.0
1.0,1.0
1.0,1.0
1.0,1.0
1.0,1.0
1.0,1.0
1.0,1.0
1.0,1.0
1.0,1.0
1.0,1.0
1.0,1.0
1.0,1.0
1.0,1.0
1.0,1.0
1.0,1.0
1.0,1.0
1.0,1.0
1.0,1.0
1.0,1.0
1.0,1.0
1.0,1.0
1.0,1.0
1.0,1.0
1.0,1.0
1.0,1.0
1.0,1.0
1.0,1.0
1.0,1.0
1.0,1.0
1.0,1.0
1.0,1.0
1.0,1.0
1.0,1.0
1.0,1.0
1.0,1.0
1.0,1.0
1.0,1.0
1.0,1.0
1.0,1.0
1.0,1.0
1.0,1.0
1.0,1.0
1.0,1.0
1.0,1.0
1.0,1.0
1.0,1.0
1.0,1.0
1.0,1.0
1.0,1.0
1.0,1.0
1.0,1.0
1.0,1.0
1.0,1.0
1.0,1.0
1.0,1.0
1.0,1.0
1.0,1.0
1.0,1.0
1.0,1.0
1.0,1.0
1.0,1.0
1.0,1.0
1.0,1.0
1.0,1.0
1.0,1.0
1.0,1.0
1.0,1.0
1.0,1.0
1.0,1.0
1.0,1.0
1.0,1.0
1.0,1.0
1.0,1.0
1.0,1.0
1.0,1.0
1.0,1.0
1.0,1.0
1.0,1.0
1.0,1.0
1.0,1.0
1.0,1.0
1.0,1.0
1.0,1.0
1.0,1.0
1.0,1.0
1.0,1.0
1.0,1.0
1.0,1.0
1.0,1.0
1.0,1.0
1.0,1.0
1.0,1.0
1.0,1.0
1.0,1.0
1.0,1.0
1.0,1.0
1.0,1.0
1.0,1.0
1.0,1.0
1.0,1.0
1.0,1.0
1.0,1.0
1.0,1.0
1.0,1.0
1.0,1.0
1.0,1.0
1.0,1.0
1.0,1.0
1.0,1.0
1.0,1.0
1.0,1.0
1.0,1.0
1.0,1.0
1.0,1.0
1.0,1.0
1.0,1.0
1.0,1.0
1.0,1.0
1.0,1.0
1.0,1.0
1.0,1.0
1.0,1.0
1.0,1.0
1.0,1.0
1.0,1.0
1.0,1.0
1.0,1.0
1.0,1.0
1.0,1.0
1.0,1.0
1.0,1.0
1.0,1.0
1.0,1.0
1.0,1.0
1.0,1.0
1.0,1.0
1.0,1.0
1.0,1.0
1.0,1.0
1.0,1.0
1.0,1.0
1.0,1.0
1.0,1.0
1.0,1.0
1.0,1.0
1.0,1.0
1.0,1.0
1.0,1.0
1.0,1.0
1.0,1.0
1.0,1.0
1.0,1.0
1.0,1.0
1.0,1.0
1.0,1.0
1.0,1.0
1.0,1.0
1.0,1.0
1.0,1.0
1.0,1.0
1.0,1.0
1.0,1.0
1.0,1.0
1.0,1.0
1.0,1.0
1.0,1.0
1.0,1.0
1.0,1.0
1.0,1.0
1.0,1.0
1.0,1.0
1.0,1.0
1.0,1.0
1.0,1.0
1.0,1.0
1.0,1.0
1.0,1.0
1.0,1.0
1.0,1.0
1.0,1.0
1.0,1.0
1.0,1.0
1.0,1.0
1.0,1.0
1.0,1.0
1.0,1.0
1.0,1.0
1.0,1.0
1.0,1.0
1.0,1.0
1.0,1.0
1.0,1.0
1.0,1.0
1.0,1.0
1.0,1.0
1.0,1.0
1.0,1.0
1.0,1.0
1.0,1.0
1.0,1.0
1.0,1.0
1.0,1.0
1.0,1.0
1.0,1.0
1.0,1.0
1.0,1.0
1.0,1.0
1.0,1.0
1.0,1.0
1.0,1.0
1.0,1.0
1.0,1.0
1.0,1.0
1.0,1.0
1.0,1.0
1.0,1.0
1.0,1.0
1.0,1.0
1.0,1.0
1.0,1.0
1.0,1.0
1.0,1.0
1.0,1.0
1.0,1.0
1.0,1.0
1.0,1.0
1.0,1.0
1.0,1.0
1.0,1.0
1.0,1.0
1.0,1.0
1.0,1.0
1.0,1.0
1.0,1.0
1.0,1.0
1.0,1.0
1.0,1.0
1.0,1.0
1.0,1.0
1.0,1.0
1.0,1.0
1.0,1.0
1.0,1.0
1.0,1.0
1.0,1.0
1.0,1.0
1.0,1.0
1.0,1.0
1.0,1.0
1.0,1.0
1.0,1.0
1.0,1.0
1.0,1.0
1.0,1.0
1.0,1.0
1.0,1.0
1.0,1.0
1.0,1.0
1.0,1.0
1.0,1.0
1.0,1.0
1.0,1.0
1.0,1.0
1.0,1.0
1.0,1.0
1.0,1.0
1.0,1.0
1.0,1.0
1.0,1.0
1.0,1.0
1.0,1.0
1.0,1.0
1.0,1.0
1.0,1.0
1.0,1.0
1.0,1.0
1.0,1.0
1.0,1.0
1.0,1.0
1.0,1.0
1.0,1.0
1.0,1.0
1.0,1.0
1.0,1.0
1.0,1.0
1.0,1.0
1.0,1.0
1.0,1.0
1.0,1.0
1.0,1.0
1.0,1.0
1.0,1.0
1.0,1.0
1.0,1.0
1.0,1.0
1.0,1.0
1.0,1.0
1.0,1.0
1.0,1.0
1.0,1.0
1.0,1.0
1.0,1.0
1.0,1.0
1.0,1.0
1.0,1.0
1.0,1.0
1.0,1.0
1.0,1.0
1.0,1.0
1.0,1.0
1.0,1.0
1.0,1.0
1.0,1.0
1.0,1.0
1.0,1.0
1.0,1.0
1.0,1.0
1.0,1.0
1.0,1.0
1.0,1.0
1.0,1.0
1.0,1.0
1.0,1.0
1.0,1.0
1.0,1.0
1.0,1.0
1.0,1.0
1.0,1.0
1.0,1.0
1.0,1.0
1.0,1.0
1.0,1.0
1.0,1.0
1.0,1.0
1.0,1.0
1.0,1.0
1.0,1.0
1.0,1.0
1.0,1.0
1.0,1.0
1.0,1.0
1.0,1.0
1.0,1.0
1.0,1.0
1.0,1.0
1.0,1.0
1.0,1.0
1.0,1.0
1.0,1.0
1.0,1.0
1.0,1.0
1.0,1.0
1.0,1.0
1.0,1.0
1.0,1.0
1.0,1.0
1.0,1.0
1.0,1.0
1.0,1.0
1.0,1.0
1.0,1.0
1.0,1.0
1.0,1.0
1.0,1.0
1.0,1.0
1.0,1.0
1.0,1.0
1.0,1.0
1.0,1.0
1.0,1.0
1.0,1.0
1.0,1.0
1.0,1.0
1.0,1.0
1.0,1.0
1.0,1.0
1.0,1.0
1.0,1.0
1.0,1.0
1.0,1.0
1.0,1.0
1.0,1.0
1.0,1.0
1.0,1.0
1.0,1.0
1.0,1.0
1.0,1.0
1.0,1.0
1.0,1.0
1.0,1.0
1.0,1.0
1.0,1.0
1.0,1.0
1.0,1.0
1.0,1.0
1.0,1.0
1.0,1.0
1.0,1.0
1.0,1.0
1.0,1.0
1.0,1.0
1.0,1.0
1.0,1.0
1.0,1.0
1.0,1.0
1.0,1.0
1.0,1.0
1.0,1.0
1.0,1.0
1.0,1.0
1.0,1.0
1.0,1.0
1.0,1.0
1.0,1.0
1.0,1.0
1.0,1.0
1.0,1.0
1.0,1.0
1.0,1.0
1.0,1.0
1.0,1.0
1.0,1.0
1.0,1.0
1.0,1.0
1.0,1.0
1.0,1.0
1.0,1.0
1.0,1.0
1.0,1.0
1.0,1.0
1.0,1.0
1.0,1.0
1.0,1.0
1.0,1.0
1.0,1.0
1.0,1.0
1.0,1.0
1.0,1.0
1.0,1.0
1.0,1.0
1.0,1.0
1.0,1.0
1.0,1.0
1.0,1.0
1.0,1.0
1.0,1.0
1.0,1.0
1.0,1.0
1.0,1.0
1.0,1.0
1.0,1.0
1.0,1.0
1.0,1.0
1.0,1.0
1.0,1.0
1.0,1.0
1.0,1.0
1.0,1.0
1.0,1.0
1.0,1.0
1.0,1.0
1.0,1.0
1.0,1.0
1.0,1.0
1.0,1.0
1.0,1.0
1.0,1.0
1.0,1.0
1.0,1.0
1.0,1.0
1.0,1.0
1.0,1.0
1.0,1.0
1.0,1.0
1.0,1.0
1.0,1.0
1.0,1.0
1.0,1.0
1.0,1.0
1.0,1.0
1.0,1.0
1.0,1.0
1.0,1.0
1.0,1.0
1.0,1.0
1.0,1.0
1.0,1.0
1.0,1.0
1.0,1.0
1.0,1.0
1.0,1.0
1.0,1.0
1.0,1.0
1.0,1.0
1.0,1.0
1.0,1.0
1.0,1.0
1.0,1.0
1.0,1.0
1.0,1.0
1.0,1.0
1.0,1.0
1.0,1.0
1.0,1.0
1.0,1.0
1.0,1.0
1.0,1.0
1.0,1.0
1.0,1.0
1.0,1.0
1.0,1.0
1.0,1.0
1.0,1.0
1.0,1.0
1.0,1.0
1.0,1.0
1.0,1.0
1.0,1.0
1.0,1.0
1.0,1.0
1.0,1.0
1.0,1.0
1.0,1.0
1.0,1.0
1.0,1.0
1.0,1.0
1.0,1.0
1.0,1.0
1.0,1.0
1.0,1.0
1.0,1.0
1.0,1.0
1.0,1.0
1.0,1.0
1.0,1.0
1.0,1.0
1.0,1.0
1.0,1.0
1.0,1.0
1.0,1.0
1.0,1.0
1.0,1.0
1.0,1.0
1.0,1.0
1.0,1.0
1.0,1.0
1.0,1.0
1.0,1.0
1.0,1.0
1.0,1.0
1.0,1.0
1.0,1.0
1.0,1.0
1.0,1.0
1.0,1.0
1.0,1.0
1.0,1.0
1.0,1.0
1.0,1.0
1.0,1.0
1.0,1.0
1.0,1.0
1.0,1.0
1.0,1.0
1.0,1.0
1.0,1.0
1.0,1.0
1.0,1.0
1.0,1.0
1.0,1.0
1.0,1.0
1.0,1.0
1.0,1.0
1.0,1.0
1.0,1.0
1.0,1.0
1.0,1.0
1.0,1.0
1.0,1.0
1.0,1.0
1.0,1.0
1.0,1.0
1.0,1.0
1.0,1.0
1.0,1.0
1.0,1.0
1.0,1.0
1.0,1.0
1.0,1.0
1.0,1.0
1.0,1.0
1.0,1.0
1.0,1.0
1.0,1.0
1.0,1.0
1.0,1.0
1.0,1.0
1.0,1.0
1.0,1.0
1.0,1.0
1.0,1.0
1.0,1.0
1.0,1.0
1.0,1.0
1.0,1.0
1.0,1.0
1.0,1.0
1.0,1.0
1.0,1.0
1.0,1.0
1.0,1.0
1.0,1.0
1.0,1.0
1.0,1.0
1.0,1.0
1.0,1.0
1.0,1.0
1.0,1.0
1.0,1.0
1.0,1.0
1.0,1.0
1.0,1.0
1.0,1.0
1.0,1.0
1.0,1.0
1.0,1.0
1.0,1.0
1.0,1.0
1.0,1.0
1.0,1.0
1.0,1.0
1.0,1.0
1.0,1.0
1.0,1.0
1.0,1.0
1.0,1.0
1.0,1.0
1.0,1.0
1.0,1.0
1.0,1.0
1.0,1.0
1.0,1.0
1.0,1.0
1.0,1.0
1.0,1.0
1.0,1.0
1.0,1.0
1.0,1.0
1.0,1.0
1.0,1.0
1.0,1.0
1.0,1.0
1.0,1.0
1.0,1.0
1.0,1.0
1.0,1.0
1.0,1.0
1.0,1.0
1.0,1.0
1.0,1.0
1.0,1.0
1.0,1.0
1.0,1.0
1.0,1.0
1.0,1.0
1.0,1.0
1.0,1.0
1.0,1.0
1.0,1.0
1.0,1.0
1.0,1.0
1.0,1.0
1.0,1.0
1.0,1.0
1.0,1.0
1.0,1.0
1.0,1.0
1.0,1.0
1.0,1.0
1.0,1.0
1.0,1.0
1.0,1.0
1.0,1.0
1.0,1.0
1.0,1.0
1.0,1.0
1.0,1.0
1.0,1.0
1.0,1.0
1.0,1.0
1.0,1.0
1.0,1.0
1.0,1.0
1.0,1.0
1.0,1.0
1.0,1.0
1.0,1.0
1.0,1.0
1.0,1.0
1.0,1.0
1.0,1.0
1.0,1.0
1.0,1.0
1.0,1.0
1.0,1.0
1.0,1.0
1.0,1.0
1.0,1.0
1.0,1.0
1.0,1.0
1.0,1.0
1.0,1.0
1.0,1.0
1.0,1.0
1.0,1.0
1.0,1.0
1.0,1.0
1.0,1.0
1.0,1.0
1.0,1.0
1.0,1.0
1.0,1.0
1.0,1.0
1.0,1.0
1.0,1.0
1.0,1.0
1.0,1.0
1.0,1.0
1.0,1.0
1.0,1.0
1.0,1.0
1.0,1.0
1.0,1.0
1.0,1.0
1.0,1.0
1.0,1.0
1.0,1.0
1.0,1.0
1.0,1.0
1.0,1.0
1.0,1.0
1.0,1.0
1.0,1.0
1.0,1.0
1.0,1.0
1.0,1.0
1.0,1.0
1.0,1.0
1.0,1.0
1.0,1.0
1.0,1.0
1.0,1.0
1.0,1.0
1.0,1.0
1.0,1.0
1.0,1.0
1.0,1.0
1.0,1.0
1.0,1.0
1.0,1.0
1.0,1.0
1.0,1.0
1.0,1.0
1.0,1.0
1.0,1.0
1.0,1.0
1.0,1.0
1.0,1.0
1.0,1.0
1.0,1.0
1.0,1.0
1.0,1.0
1.0,1.0
1.0,1.0
1.0,1.0
1.0,1.0
1.0,1.0
1.0,1.0
1.0,1.0
1.0,1.0
1.0,1.0
1.0,1.0
1.0,1.0
1.0,1.0
1.0,1.0
1.0,1.0
1.0,1.0
1.0,1.0
1.0,1.0
1.0,1.0
1.0,1.0
1.0,1.0
1.0,1.0
1.0,1.0
1.0,1.0
1.0,1.0
1.0,1.0
1.0,1.0
1.0,1.0
1.0,1.0
1.0,1.0
1.0,1.0
1.0,1.0
1.0,1.0
1.0,1.0
1.0,1.0
1.0,1.0
1.0,1.0
1.0,1.0
1.0,1.0
1.0,1.0
1.0,1.0
1.0,1.0
1.0,1.0
1.0,1.0
1.0,1.0
1.0,1.0
1.0,1.0
1.0,1.0
1.0,1.0
1.0,1.0
1.0,1.0
1.0,1.0
1.0,1.0
1.0,1.0
1.0,1.0
1.0,1.0
1.0,1.0
1.0,1.0
1.0,1.0
1.0,1.0
1.0,1.0
1.0,1.0
1.0,1.0
1.0,1.0
1.0,1.0
1.0,1.0
1.0,1.0
1.0,1.0
1.0,1.0
1.0,1.0
1.0,1.0
1.0,1.0
1.0,1.0
1.0,1.0
1.0,1.0
1.0,1.0
1.0,1.0
1.0,1.0
1.0,1.0
1.0,1.0
1.0,1.0
1.0,1.0
1.0,1.0
1.0,1.0
1.0,1.0
1.0,1.0
1.0,1.0
1.0,1.0
1.0,1.0
1.0,1.0
1.0,1.0
1.0,1.0
1.0,1.0
1.0,1.0
1.0,1.0
1.0,1.0
1.0,1.0
1.0,1.0
1.0,1.0
1.0,1.0
1.0,1.0
1.0,1.0
1.0,1.0
1.0,1.0
1.0,1.0
1.0,1.0
1.0,1.0
1.0,1.0
1.0,1.0
1.0,1.0
1.0,1.0
1.0,1.0
1.0,1.0
1.0,1.0
1.0,1.0
1.0,1.0
1.0,1.0
1.0,1.0
1.0,1.0
1.0,1.0
1.0,1.0
1.0,1.0
1.0,1.0
1.0,1.0
1.0,1.0
1.0,1.0
1.0,1.0
1.0,1.0
1.0,1.0
1.0,1.0
1.0,1.0
1.0,1.0
1.0,1.0
1.0,1.0
1.0,1.0
1.0,1.0
1.0,1.0
1.0,1.0
1.0,1.0
1.0,1.0
1.0,1.0
1.0,1.0
1.0,1.0
1.0,1.0
1.0,1.0
1.0,1.0
1.0,1.0
1.0,1.0
1.0,1.0
1.0,1.0
1.0,1.0
1.0,1.0
1.0,1.0
1.0,1.0
1.0,1.0
1.0,1.0
1.0,1.0
1.0,1.0
1.0,1.0
1.0,1.0
1.0,1.0
1.0,1.0
1.0,1.0
1.0,1.0
1.0,1.0
1.0,1.0
1.0,1.0
1.0,1.0
1.0,1.0
1.0,1.0
1.0,1.0
1.0,1.0
1.0,1.0
1.0,1.0
1.0,1.0
1.0,1.0
1.0,1.0
1.0,1.0
1.0,1.0
1.0,1.0
1.0,1.0
1.0,1.0
1.0,1.0
1.0,1.0
1.0,1.0
1.0,1.0
1.0,1.0
1.0,1.0
1.0,1.0
1.0,1.0
1.0,1.0
1.0,1.0
1.0,1.0
1.0,1.0
1.0,1.0
1.0,1.0
1.0,1.0
1.0,1.0
1.0,1.0
1.0,1.0
1.0,1.0
1.0,1.0
1.0,1.0
1.0,1.0
1.0,1.0
1.0,1.0
1.0,1.0
1.0,1.0
1.0,1.0
1.0,1.0
1.0,1.0
1.0,1.0
1.0,1.0
1.0,1.0
1.0,1.0
1.0,1.0
1.0,1.0
1.0,1.0
1.0,1.0
1.0,1.0
1.0,1.0
1.0,1.0
1.0,1.0
1.0,1.0
1.0,1.0
1.0,1.0
1.0,1.0
1.0,1.0
1.0,1.0
1.0,1.0
1.0,1.0
1.0,1.0
1.0,1.0
1.0,1.0
1.0,1.0
1.0,1.0
1.0,1.0
1.0,1.0
1.0,1.0
1.0,1.0
1.0,1.0
1.0,1.0
1.0,1.0
1.0,1.0
1.0,1.0
1.0,1.0
1.0,1.0
1.0,1.0
1.0,1.0
1.0,1.0
1.0,1.0
1.0,1.0
1.0,1.0
1.0,1.0
1.0,1.0
1.0,1.0
1.0,1.0
1.0,1.0
1.0,1.0
1.0,1.0
1.0,1.0
1.0,1.0
1.0,1.0
1.0,1.0
1.0,1.0
1.0,1.0
1.0,1.0
1.0,1.0
1.0,1.0
1.0,1.0
1.0,1.0
1.0,1.0
1.0,1.0
1.0,1.0
1.0,1.0
1.0,1.0
1.0,1.0
1.0,1.0
1.0,1.0
1.0,1.0
1.0,1.0
1.0,1.0
1.0,1.0
1.0,1.0
1.0,1.0
1.0,1.0
1.0,1.0
1.0,1.0
1.0,1.0
1.0,1.0
1.0,1.0
1.0,1.0
1.0,1.0
1.0,1.0
1.0,1.0
1.0,1.0
1.0,1.0
1.0,1.0
1.0,1.0
1.0,1.0
1.0,1.0
1.0,1.0
1.0,1.0
1.0,1.0
1.0,1.0
1.0,1.0
1.0,1.0
1.0,1.0
1.0,1.0
1.0,1.0
1.0,1.0
1.0,1.0
1.0,1.0
1.0,1.0
1.0,1.0
1.0,1.0
1.0,1.0
1.0,1.0
1.0,1.0
1.0,1.0
1.0,1.0
1.0,1.0
1.0,1.0
1.0,1.0
1.0,1.0
1.0,1.0
1.0,1.0
1.0,1.0
1.0,1.0
1.0,1.0
1.0,1.0
1.0,1.0
1.0,1.0
1.0,1.0
1.0,1.0
1.0,1.0
1.0,1.0
1.0,1.0
1.0,1.0
1.0,1.0
1.0,1.0
1.0,1.0
1.0,1.0
1.0,1.0
1.0,1.0
1.0,1.0
1.0,1.0
1.0,1.0
1.0,1.0
1.0,1.0
1.0,1.0
1.0,1.0
1.0,1.0
1.0,1.0
1.0,1.0
1.0,1.0
1.0,1.0
1.0,1.0
1.0,1.0
1.0,1.0
1.0,1.0
1.0,1.0
1.0,1.0
1.0,1.0
1.0,1.0
1.0,1.0
1.0,1.0
1.0,1.0
1.0,1.0
1.0,1.0
1.0,1.0
1.0,1.0
1.0,1.0
1.0,1.0
1.0,1.0
1.0,1.0
1.0,1.0
1.0,1.0
1.0,1.0
1.0,1.0
1.0,1.0
1.0,1.0
1.0,1.0
1.0,1.0
1.0,1.0
1.0,1.0
1.0,1.0
1.0,1.0
1.0,1.0
1.0,1.0
1.0,1.0
1.0,1.0
1.0,1.0
1.0,1.0
1.0,1.0
1.0,1.0
1.0,1.0
1.0,1.0
1.0,1.0
1.0,1.0
1.0,1.0
1.0,1.0
1.0,1.0
1.0,1.0
1.0,1.0
1.0,1.0
1.0,1.0
1.0,1.0
1.0,1.0
1.0,1.0
1.0,1.0
1.0,1.0
1.0,1.0
1.0,1.0
1.0,1.0
1.0,1.0
1.0,1.0
1.0,1.0
1.0,1.0
1.0,1.0
1.0,1.0
1.0,1.0
1.0,1.0
1.0,1.0
1.0,1.0
1.0,1.0
1.0,1.0
1.0,1.0
1.0,1.0
1.0,1.0
1.0,1.0
1.0,1.0
1.0,1.0
1.0,1.0
1.0,1.0
1.0,1.0
1.0,1.0
1.0,1.0
1.0,1.0
1.0,1.0
1.0,1.0
1.0,1.0
1.0,1.0
1.0,1.0
1.0,1.0
1.0,1.0
1.0,1.0
1.0,1.0
1.0,1.0
1.0,1.0
1.0,1.0
1.0,1.0
1.0,1.0
1.0,1.0
1.0,1.0
1.0,1.0
1.0,1.0
1.0,1.0
1.0,1.0
1.0,1.0
1.0,1.0
1.0,1.0
1.0,1.0
1.0,1.0
1.0,1.0
1.0,1.0
1.0,1.0
1.0,1.0
1.0,1.0
1.0,1.0
1.0,1.0
1.0,1.0
1.0,1.0
1.0,1.0
1.0,1.0
1.0,1.0
1.0,1.0
1.0,1.0
1.0,1.0
1.0,1.0
1.0,1.0
1.0,1.0
1.0,1.0
1.0,1.0
1.0,1.0
1.0,1.0
1.0,1.0
1.0,1.0
1.0,1.0
1.0,1.0
1.0,1.0
1.0,1.0
1.0,1.0
1.0,1.0
1.0,1.0
1.0,1.0
1.0,1.0
1.0,1.0
1.0,1.0
1.0,1.0
1.0,1.0
1.0,1.0
1.0,1.0
1.0,1.0
1.0,1.0
1.0,1.0
1.0,1.0
1.0,1.0
1.0,1.0
1.0,1.0
1.0,1.0
1.0,1.0
1.0,1.0
1.0,1.0
1.0,1.0
1.0,1.0
1.0,1.0
1.0,1.0
1.0,1.0
1.0,1.0
1.0,1.0
1.0,1.0
1.0,1.0
1.0,1.0
1.0,1.0
1.0,1.0
1.0,1.0
1.0,1.0
1.0,1.0
1.0,1.0
1.0,1.0
1.0,1.0
1.0,1.0
1.0,1.0
1.0,1.0
1.0,1.0
1.0,1.0
1.0,1.0
1.0,1.0
1.0,1.0
1.0,1.0
1.0,1.0
1.0,1.0
1.0,1.0
1.0,1.0
1.0,1.0
1.0,1.0
1.0,1.0
1.0,1.0
1.0,1.0
1.0,1.0
1.0,1.0
1.0,1.0
1.0,1.0
1.0,1.0
1.0,1.0
1.0,1.0
1.0,1.0
1.0,1.0
1.0,1.0
1.0,1.0
1.0,1.0
1.0,1.0
1.0,1.0
1.0,1.0
1.0,1.0
1.0,1.0
1.0,1.0
1.0,1.0
1.0,1.0
1.0,1.0
1.0,1.0
1.0,1.0
1.0,1.0
1.0,1.0
1.0,1.0
1.0,1.0
1.0,1.0
1.0,1.0
1.0,1.0
1.0,1.0
1.0,1.0
1.0,1.0
1.0,1.0
1.0,1.0
1.0,1.0
1.0,1.0
1.0,1.0
1.0,1.0
1.0,1.0
1.0,1.0
1.0,1.0
1.0,1.0
1.0,1.0
1.0,1.0
1.0,1.0
1.0,1.0
1.0,1.0
1.0,1.0
1.0,1.0
1.0,1.0
1.0,1.0
1.0,1.0
1.0,1.0
1.0,1.0
1.0,1.0
1.0,1.0
1.0,1.0
1.0,1.0
1.0,1.0
1.0,1.0
1.0,1.0
1.0,1.0
1.0,1.0
1.0,1.0
1.0,1.0
1.0,1.0
1.0,1.0
1.0,1.0
1.0,1.0
1.0,1.0
1.0,1.0
1.0,1.0
1.0,1.0
1.0,1.0
1.0,1.0
1.0,1.0
1.0,1.0
1.0,1.0
1.0,1.0
1.0,1.0
1.0,1.0
1.0,1.0
1.0,1.0
1.0,1.0
1.0,1.0
1.0,1.0
1.0,1.0
1.0,1.0
1.0,1.0
1.0,1.0
1.0,1.0
1.0,1.0
1.0,1.0
1.0,1.0
1.0,1.0
1.0,1.0
1.0,1.0
1.0,1.0
1.0,1.0
1.0,1.0
1.0,1.0
1.0,1.0
1.0,1.0
1.0,1.0
1.0,1.0
1.0,1.0
1.0,1.0
1.0,1.0
1.0,1.0
1.0,1.0
1.0,1.0
1.0,1.0
1.0,1.0
1.0,1.0
1.0,1.0
1.0,1.0
1.0,1.0
1.0,1.0
1.0,1.0
1.0,1.0
1.0,1.0
1.0,1.0
1.0,1.0
1.0,1.0
1.0,1.0
1.0,1.0
1.0,1.0
1.0,1.0
1.0,1.0
1.0,1.0
1.0,1.0
1.0,1.0
1.0,1.0
1.0,1.0
1.0,1.0
1.0,1.0
1.0,1.0
1.0,1.0
1.0,1.0
1.0,1.0
1.0,1.0
1.0,1.0
1.0,1.0
1.0,1.0
1.0,1.0
1.0,1.0
1.0,1.0
1.0,1.0
1.0,1.0
1.0,1.0
1.0,1.0
1.0,1.0
1.0,1.0
1.0,1.0
1.0,1.0
1.0,1.0
1.0,1.0
1.0,1.0
1.0,1.0
1.0,1.0
1.0,1.0
1.0,1.0
1.0,1.0
1.0,1.0
1.0,1.0
1.0,1.0
1.0,1.0
1.0,1.0
1.0,1.0
1.0,1.0
1.0,1.0
1.0,1.0
1.0,1.0
1.0,1.0
1.0,1.0
1.0,1.0
1.0,1.0
1.0,1.0
1.0,1.0
1.0,1.0
1.0,1.0
1.0,1.0
1.0,1.0
1.0,1.0
1.0,1.0
1.0,1.0
1.0,1.0
1.0,1.0
1.0,1.0
1.0,1.0
1.0,1.0
1.0,1.0
1.0,1.0
1.0,1.0
1.0,1.0
1.0,1.0
1.0,1.0
1.0,1.0
1.0,1.0
1.0,1.0
1.0,1.0
1.0,1.0
1.0,1.0
1.0,1.0
1.0,1.0
1.0,1.0
1.0,1.0
1.0,1.0
1.0,1.0
1.0,1.0
1.0,1.0
1.0,1.0
1.0,1.0
1.0,1.0
1.0,1.0
1.0,1.0
1.0,1.0
1.0,1.0
1.0,1.0
1.0,1.0
1.0,1.0
1.0,1.0
1.0,1.0
1.0,1.0
1.0,1.0
1.0,1.0
1.0,1.0
1.0,1.0
1.0,1.0
1.0,1.0
1.0,1.0
1.0,1.0
1.0,1.0
1.0,1.0
1.0,1.0
1.0,1.0
1.0,1.0
1.0,1.0
1.0,1.0
1.0,1.0
1.0,1.0
1.0,1.0
1.0,1.0
1.0,1.0
1.0,1.0
1.0,1.0
1.0,1.0
1.0,1.0
1.0,1.0
1.0,1.0
1.0,1.0
1.0,1.0
1.0,1.0
1.0,1.0
1.0,1.0
1.0,1.0
1.0,1.0
1.0,1.0
1.0,1.0
1.0,1.0
1.0,1.0
1.0,1.0
1.0,1.0
1.0,1.0
1.0,1.0
1.0,1.0
1.0,1.0
1.0,1.0
1.0,1.0
1.0,1.0
1.0,1.0
1.0,1.0
1.0,1.0
1.0,1.0
1.0,1.0
1.0,1.0
1.0,1.0
1.0,1.0
1.0,1.0
1.0,1.0
1.0,1.0
1.0,1.0
1.0,1.0
1.0,1.0
1.0,1.0
1.0,1.0
1.0,1.0
1.0,1.0
1.0,1.0
1.0,1.0
1.0,1.0
1.0,1.0
1.0,1.0
1.0,1.0
1.0,1.0
1.0,1.0
1.0,1.0
1.0,1.0
1.0,1.0
1.0,1.0
1.0,1.0
1.0,1.0
1.0,1.0
1.0,1.0
1.0,1.0
1.0,1.0
1.0,1.0
1.0,1.0
1.0,1.0
1.0,1.0
1.0,1.0
1.0,1.0
1.0,1.0
1.0,1.0
1.0,1.0
1.0,1.0
1.0,1.0
1.0,1.0
1.0,1.0
1.0,1.0
1.0,1.0
1.0,1.0
1.0,1.0
1.0,1.0
1.0,1.0
1.0,1.0
1.0,1.0
1.0,1.0
1.0,1.0
1.0,1.0
1.0,1.0
1.0,1.0
1.0,1.0
1.0,1.0
1.0,1.0
1.0,1.0
1.0,1.0
1.0,1.0
1.0,1.0
1.0,1.0
1.0,1.0
1.0,1.0
1.0,1.0
1.0,1.0
1.0,1.0
1.0,1.0
1.0,1.0
1.0,1.0
1.0,1.0
1.0,1.0
1.0,1.0
1.0,1.0
1.0,1.0
1.0,1.0
1.0,1.0
1.0,1.0
1.0,1.0
1.0,1.0
1.0,1.0
1.0,1.0
1.0,1.0
1.0,1.0
1.0,1.0
1.0,1.0
1.0,1.0
1.0,1.0
1.0,1.0
1.0,1.0
1.0,1.0
1.0,1.0
1.0,1.0
1.0,1.0
1.0,1.0
1.0,1.0
1.0,1.0
1.0,1.0
1.0,1.0
1.0,1.0
1.0,1.0
1.0,1.0
1.0,1.0
1.0,1.0
1.0,1.0
1.0,1.0
1.0,1.0
1.0,1.0
1.0,1.0
