0.0,0.0
0.0,0.0
0.0,0.0
0.0,0.0
0.0,0.0
0.0003333333333333334,0.0
0.0003333333333333334,0.0
0.0006666666666666668,0.0
0.0006666666666666668,0.0
0.0013333333333333335,0.0
0.0013333333333333335,0.0
0.0016666666666666666,0.0
0.002,0.0
0.003,0.0
0.003333333333333333,0.0
0.004666666666666667,0.0
0.006,0.0
0.006333333333333334,0.0
0.007666666666666666,0.0
0.009,0.0
0.01,0.0
0.010666666666666666,0.0
0.011666666666666665,0.0
0.013000000000000001,0.0
0.015,0.0
0.017666666666666667,0.0
0.02,0.0
0.024666666666666667,0.0
0.027000000000000003,0.0
0.029666666666666668,0.0
0.03233333333333333,0.0
0.03533333333333334,0.0
0.03933333333333333,0.0
0.043666666666666666,0.0
0.04766666666666666,0.0
0.05366666666666666,0.0
0.06066666666666667,0.0
0.066,0.0
0.072,0.0
0.079,0.0
0.086,0.0
0.09233333333333335,0.0
0.09733333333333334,0.0
0.10400000000000001,0.0
0.11333333333333333,0.0
0.12266666666666667,0.0
0.131,0.0
0.14200000000000002,0.0
0.15133333333333332,0.0
0.16333333333333339,0.0
0.17533333333333334,0.0
0.186,0.0
0.198,0.0
0.21033333333333334,0.0
0.21966666666666668,0.0
0.23266666666666666,0.0
0.24166666666666664,0.0
0.256,0.0
0.2656666666666667,0.0
0.2793333333333333,0.0
0.294,0.0
0.30633333333333335,0.0
0.3213333333333333,0.0
0.33766666666666667,0.0
0.3549999999999999,0.0
0.3666666666666667,0.0
0.3826666666666667,0.0
0.39466666666666667,0.0
0.4066666666666666,0.0
0.422,0.0
0.4406666666666667,0.0
0.45600000000000007,0.0
0.4666666666666667,0.0
0.4766666666666667,0.0
0.487,0.0
0.5013333333333334,0.0
0.5146666666666667,0.0
0.5303333333333334,0.0
0.5446666666666667,0.0
0.5556666666666666,0.0
0.5713333333333334,0.0
0.5820000000000001,0.0
0.5936666666666668,0.0
0.6073333333333333,0.0
0.6186666666666667,0.0003333333333333334
0.631,0.0003333333333333334
0.6466666666666667,0.0003333333333333334
0.6556666666666666,0.0003333333333333334
0.6676666666666666,0.0003333333333333334
0.6806666666666666,0.0003333333333333334
0.6883333333333332,0.0003333333333333334
0.6976666666666668,0.0003333333333333334
0.7106666666666667,0.0003333333333333334
0.7223333333333333,0.0003333333333333334
0.7376666666666667,0.0003333333333333334
0.745,0.0003333333333333334
0.7546666666666667,0.0003333333333333334
0.7636666666666666,0.0003333333333333334
0.7716666666666667,0.0003333333333333334
0.7796666666666667,0.0003333333333333334
0.787,0.0003333333333333334
0.7993333333333333,0.0003333333333333334
0.806,0.0003333333333333334
0.8140000000000001,0.0003333333333333334
0.8196666666666668,0.0003333333333333334
0.829,0.0003333333333333334
0.8373333333333335,0.0003333333333333334
0.8453333333333333,0.0003333333333333334
0.8546666666666665,0.0006666666666666668
0.8633333333333333,0.0006666666666666668
0.8713333333333333,0.0006666666666666668
0.8763333333333332,0.001
0.883,0.001
0.891,0.0016666666666666666
0.8953333333333333,0.0016666666666666666
0.9003333333333332,0.0016666666666666666
0.905,0.0016666666666666666
0.9103333333333333,0.0016666666666666666
0.9146666666666666,0.0016666666666666666
0.9179999999999999,0.0016666666666666666
0.9226666666666666,0.0026666666666666666
0.9253333333333332,0.003333333333333333
0.9293333333333333,0.0036666666666666666
0.9333333333333333,0.004333333333333333
0.9363333333333334,0.004666666666666667
0.9406666666666667,0.004666666666666667
0.9423333333333332,0.004666666666666667
0.9466666666666669,0.004666666666666667
0.9496666666666668,0.004666666666666667
0.9546666666666667,0.005333333333333334
0.9563333333333335,0.006
0.9596666666666666,0.006
0.9616666666666667,0.007000000000000001
0.9636666666666664,0.007333333333333333
0.9653333333333333,0.007333333333333333
0.969,0.007666666666666667
0.97,0.008666666666666666
0.9709999999999999,0.010666666666666666
0.9716666666666665,0.013000000000000001
0.9746666666666666,0.014333333333333333
0.9756666666666666,0.015000000000000003
0.977,0.015333333333333334
0.9776666666666666,0.017666666666666667
0.9793333333333333,0.018666666666666665
0.9806666666666667,0.02066666666666667
0.9813333333333333,0.023
0.9826666666666666,0.024
0.9843333333333334,0.026666666666666672
0.9853333333333334,0.029333333333333333
0.9856666666666667,0.031000000000000007
0.9863333333333333,0.033666666666666664
0.9873333333333335,0.03766666666666667
0.9873333333333335,0.044000000000000004
0.9883333333333335,0.04733333333333333
0.9896666666666667,0.054000000000000006
0.9903333333333333,0.058666666666666666
0.991,0.06200000000000001
0.9916666666666666,0.06699999999999999
0.992,0.07366666666666669
0.9923333333333332,0.08
0.9923333333333332,0.08566666666666667
0.9933333333333334,0.09466666666666666
0.9936666666666666,0.10066666666666665
0.9936666666666666,0.10833333333333332
0.994,0.11566666666666665
0.994,0.12766666666666665
0.9943333333333332,0.13633333333333336
0.9953333333333333,0.14633333333333334
0.9963333333333333,0.15766666666666665
0.9973333333333333,0.17233333333333334
0.998,0.18766666666666665
0.9983333333333334,0.1993333333333333
0.9983333333333334,0.21500000000000002
0.9983333333333334,0.22966666666666663
0.9983333333333334,0.24466666666666667
0.9983333333333334,0.2613333333333333
0.9986666666666666,0.27666666666666667
0.999,0.29533333333333334
0.999,0.31566666666666665
0.999,0.3353333333333333
0.999,0.35300000000000004
0.999,0.37266666666666665
0.9993333333333332,0.39399999999999996
0.9993333333333332,0.41533333333333333
0.9996666666666666,0.43500000000000005
0.9996666666666666,0.45600000000000007
0.9996666666666666,0.481
1.0,0.508
1.0,0.5316666666666666
1.0,0.5556666666666668
1.0,0.5783333333333334
1.0,0.5980000000000001
1.0,0.6216666666666667
1.0,0.6456666666666666
1.0,0.6686666666666667
1.0,0.6916666666666667
1.0,0.7126666666666667
1.0,0.7296666666666667
1.0,0.7476666666666667
1.0,0.7683333333333334
1.0,0.7876666666666667
1.0,0.8013333333333333
1.0,0.8176666666666668
1.0,0.8306666666666667
1.0,0.8460000000000001
1.0,0.8593333333333334
1.0,0.8700000000000001
1.0,0.8799999999999999
1.0,0.8883333333333333
1.0,0.8996666666666666
1.0,0.9096666666666666
1.0,0.9196666666666667
1.0,0.9299999999999999
1.0,0.9373333333333334
1.0,0.9436666666666665
1.0,0.9493333333333334
1.0,0.9556666666666664
1.0,0.9603333333333334
1.0,0.9676666666666668
1.0,0.9733333333333334
1.0,0.9780000000000001
1.0,0.9810000000000001
1.0,0.983
1.0,0.984
1.0,0.9856666666666667
1.0,0.9873333333333333
1.0,0.9886666666666667
1.0,0.9899999999999999
1.0,0.9909999999999999
1.0,0.9926666666666666
1.0,0.9936666666666666
1.0,0.994
1.0,0.9949999999999999
1.0,0.9953333333333333
1.0,0.9959999999999999
1.0,0.9970000000000001
1.0,0.9973333333333333
1.0,0.9973333333333333
1.0,0.9976666666666667
1.0,0.9976666666666667
1.0,0.999
1.0,0.9993333333333332
1.0,0.9993333333333332
1.0,0.9996666666666666
1.0,1.0
1.0,1.0
1.0,1.0
1.0,1.0
1.0,1.0
1.0,1.0
1.0,1.0
1.0,1.0
1.0,1.0
1.0,1.0
1.0,1.0
1.0,1.0
1.0,1.0
1.0,1.0
1.0,1.0
1.0,1.0
1.0,1.0
1.0,1.0
1.0,1.0
1.0,1.0
1.0,1.0
1.0,1.0
1.0,1.0
1.0,1.0
1.0,1.0
1.0,1.0
1.0,1.0
1.0,1.0
1.0,1.0
1.0,1.0
1.0,1.0
1.0,1.0
1.0,1.0
1.0,1.0
1.0,1.0
1.0,1.0
1.0,1.0
1.0,1.0
1.0,1.0
1.0,1.0
1.0,1.0
1.0,1.0
1.0,1.0
1.0,1.0
1.0,1.0
1.0,1.0
1.0,1.0
1.0,1.0
1.0,1.0
1.0,1.0
1.0,1.0
1.0,1.0
1.0,1.0
1.0,1.0
1.0,1.0
1.0,1.0
1.0,1.0
1.0,1.0
1.0,1.0
1.0,1.0
1.0,1.0
1.0,1.0
1.0,1.0
1.0,1.0
1.0,1.0
1.0,1.0
1.0,1.0
1.0,1.0
1.0,1.0
1.0,1.0
1.0,1.0
1.0,1.0
1.0,1.0
1.0,1.0
1.0,1.0
1.0,1.0
1.0,1.0
1.0,1.0
1.0,1.0
1.0,1.0
1.0,1.0
1.0,1.0
1.0,1.0
1.0,1.0
1.0,1.0
1.0,1.0
1.0,1.0
1.0,1.0
1.0,1.0
1.0,1.0
1.0,1.0
1.0,1.0
1.0,1.0
1.0,1.0
1.0,1.0
1.0,1.0
1.0,1.0
1.0,1.0
1.0,1.0
1.0,1.0
1.0,1.0
1.0,1.0
1.0,1.0
1.0,1.0
1.0,1.0
1.0,1.0
1.0,1.0
1.0,1.0
1.0,1.0
1.0,1.0
1.0,1.0
1.0,1.0
1.0,1.0
1.0,1.0
1.0,1.0
1.0,1.0
1.0,1.0
1.0,1.0
1.0,1.0
1.0,1.0
1.0,1.0
1.0,1.0
1.0,1.0
1.0,1.0
1.0,1.0
1.0,1.0
1.0,1.0
1.0,1.0
1.0,1.0
1.0,1.0
1.0,1.0
1.0,1.0
1.0,1.0
1.0,1.0
1.0,1.0
1.0,1.0
1.0,1.0
1.0,1.0
1.0,1.0
1.0,1.0
1.0,1.0
1.0,1.0
1.0,1.0
1.0,1.0
1.0,1.0
1.0,1.0
1.0,1.0
1.0,1.0
1.0,1.0
1.0,1.0
1.0,1.0
1.0,1.0
1.0,1.0
1.0,1.0
1.0,1.0
1.0,1.0
1.0,1.0
1.0,1.0
1.0,1.0
1.0,1.0
1.0,1.0
1.0,1.0
1.0,1.0
1.0,1.0
1.0,1.0
1.0,1.0
1.0,1.0
1.0,1.0
1.0,1.0
1.0,1.0
1.0,1.0
1.0,1.0
1.0,1.0
1.0,1.0
1.0,1.0
1.0,1.0
1.0,1.0
1.0,1.0
1.0,1.0
1.0,1.0
1.0,1.0
1.0,1.0
1.0,1.0
1.0,1.0
1.0,1.0
1.0,1.0
1.0,1.0
1.0,1.0
1.0,1.0
1.0,1.0
1.0,1.0
1.0,1.0
1.0,1.0
1.0,1.0
1.0,1.0
1.0,1.0
1.0,1.0
1.0,1.0
1.0,1.0
1.0,1.0
1.0,1.0
1.0,1.0
1.0,1.0
1.0,1.0
1.0,1.0
1.0,1.0
1.0,1.0
1.0,1.0
1.0,1.0
1.0,1.0
1.0,1.0
1.0,1.0
1.0,1.0
1.0,1.0
1.0,1.0
1.0,1.0
1.0,1.0
1.0,1.0
1.0,1.0
1.0,1.0
1.0,1.0
1.0,1.0
1.0,1.0
1.0,1.0
1.0,1.0
1.0,1.0
1.0,1.0
1.0,1.0
1.0,1.0
1.0,1.0
1.0,1.0
1.0,1.0
1.0,1.0
1.0,1.0
1.0,1.0
1.0,1.0
1.0,1.0
1.0,1.0
1.0,1.0
1.0,1.0
1.0,1.0
1.0,1.0
1.0,1.0
1.0,1.0
1.0,1.0
1.0,1.0
1.0,1.0
1.0,1.0
1.0,1.0
1.0,1.0
1.0,1.0
1.0,1.0
1.0,1.0
1.0,1.0
1.0,1.0
1.0,1.0
1.0,1.0
1.0,1.0
1.0,1.0
1.0,1.0
1.0,1.0
1.0,1.0
1.0,1.0
1.0,1.0
1.0,1.0
1.0,1.0
1.0,1.0
1.0,1.0
1.0,1.0
1.0,1.0
1.0,1.0
1.0,1.0
1.0,1.0
1.0,1.0
1.0,1.0
1.0,1.0
1.0,1.0
1.0,1.0
1.0,1.0
1.0,1.0
1.0,1.0
1.0,1.0
1.0,1.0
1.0,1.0
1.0,1.0
1.0,1.0
1.0,1.0
1.0,1.0
1.0,1.0
1.0,1.0
1.0,1.0
1.0,1.0
1.0,1.0
1.0,1.0
1.0,1.0
1.0,1.0
1.0,1.0
1.0,1.0
1.0,1.0
1.0,1.0
1.0,1.0
1.0,1.0
1.0,1.0
1.0,1.0
1.0,1.0
1.0,1.0
1.0,1.0
1.0,1.0
1.0,1.0
1.0,1.0
1.0,1.0
1.0,1.0
1.0,1.0
1.0,1.0
1.0,1.0
1.0,1.0
1.0,1.0
1.0,1.0
1.0,1.0
1.0,1.0
1.0,1.0
1.0,1.0
1.0,1.0
1.0,1.0
1.0,1.0
1.0,1.0
1.0,1.0
1.0,1.0
1.0,1.0
1.0,1.0
1.0,1.0
1.0,1.0
1.0,1.0
1.0,1.0
1.0,1.0
1.0,1.0
1.0,1.0
1.0,1.0
1.0,1.0
1.0,1.0
1.0,1.0
1.0,1.0
1.0,1.0
1.0,1.0
1.0,1.0
1.0,1.0
1.0,1.0
1.0,1.0
1.0,1.0
1.0,1.0
1.0,1.0
1.0,1.0
1.0,1.0
1.0,1.0
1.0,1.0
1.0,1.0
1.0,1.0
1.0,1.0
1.0,1.0
1.0,1.0
1.0,1.0
1.0,1.0
1.0,1.0
1.0,1.0
1.0,1.0
1.0,1.0
1.0,1.0
1.0,1.0
1.0,1.0
1.0,1.0
1.0,1.0
1.0,1.0
1.0,1.0
1.0,1.0
1.0,1.0
1.0,1.0
1.0,1.0
1.0,1.0
1.0,1.0
1.0,1.0
1.0,1.0
1.0,1.0
1.0,1.0
1.0,1.0
1.0,1.0
1.0,1.0
1.0,1.0
1.0,1.0
1.0,1.0
1.0,1.0
1.0,1.0
1.0,1.0
1.0,1.0
1.0,1.0
1.0,1.0
1.0,1.0
1.0,1.0
1.0,1.0
1.0,1.0
1.0,1.0
1.0,1.0
1.0,1.0
1.0,1.0
1.0,1.0
1.0,1.0
1.0,1.0
1.0,1.0
1.0,1.0
1.0,1.0
1.0,1.0
1.0,1.0
1.0,1.0
1.0,1.0
1.0,1.0
1.0,1.0
1.0,1.0
1.0,1.0
1.0,1.0
1.0,1.0
1.0,1.0
1.0,1.0
1.0,1.0
1.0,1.0
1.0,1.0
1.0,1.0
1.0,1.0
1.0,1.0
1.0,1.0
1.0,1.0
1.0,1.0
1.0,1.0
1.0,1.0
1.0,1.0
1.0,1.0
1.0,1.0
1.0,1.0
1.0,1.0
1.0,1.0
1.0,1.0
1.0,1.0
1.0,1.0
1.0,1.0
1.0,1.0
1.0,1.0
1.0,1.0
1.0,1.0
1.0,1.0
1.0,1.0
1.0,1.0
1.0,1.0
1.0,1.0
1.0,1.0
1.0,1.0
1.0,1.0
1.0,1.0
1.0,1.0
1.0,1.0
1.0,1.0
1.0,1.0
1.0,1.0
1.0,1.0
1.0,1.0
1.0,1.0
1.0,1.0
1.0,1.0
1.0,1.0
1.0,1.0
1.0,1.0
1.0,1.0
1.0,1.0
1.0,1.0
1.0,1.0
1.0,1.0
1.0,1.0
1.0,1.0
1.0,1.0
1.0,1.0
1.0,1.0
1.0,1.0
1.0,1.0
1.0,1.0
1.0,1.0
1.0,1.0
1.0,1.0
1.0,1.0
1.0,1.0
1.0,1.0
1.0,1.0
1.0,1.0
1.0,1.0
1.0,1.0
1.0,1.0
1.0,1.0
1.0,1.0
1.0,1.0
1.0,1.0
1.0,1.0
1.0,1.0
1.0,1.0
1.0,1.0
1.0,1.0
1.0,1.0
1.0,1.0
1.0,1.0
1.0,1.0
1.0,1.0
1.0,1.0
1.0,1.0
1.0,1.0
1.0,1.0
1.0,1.0
1.0,1.0
1.0,1.0
1.0,1.0
1.0,1.0
1.0,1.0
1.0,1.0
1.0,1.0
1.0,1.0
1.0,1.0
1.0,1.0
1.0,1.0
1.0,1.0
1.0,1.0
1.0,1.0
1.0,1.0
1.0,1.0
1.0,1.0
1.0,1.0
1.0,1.0
1.0,1.0
1.0,1.0
1.0,1.0
1.0,1.0
1.0,1.0
1.0,1.0
1.0,1.0
1.0,1.0
1.0,1.0
1.0,1.0
1.0,1.0
1.0,1.0
1.0,1.0
1.0,1.0
1.0,1.0
1.0,1.0
1.0,1.0
1.0,1.0
1.0,1.0
1.0,1.0
1.0,1.0
1.0,1.0
1.0,1.0
1.0,1.0
1.0,1.0
1.0,1.0
1.0,1.0
1.0,1.0
1.0,1.0
1.0,1.0
1.0,1.0
1.0,1.0
1.0,1.0
1.0,1.0
1.0,1.0
1.0,1.0
1.0,1.0
1.0,1.0
1.0,1.0
1.0,1.0
1.0,1.0
1.0,1.0
1.0,1.0
1.0,1.0
1.0,1.0
1.0,1.0
1.0,1.0
1.0,1.0
1.0,1.0
1.0,1.0
1.0,1.0
1.0,1.0
1.0,1.0
1.0,1.0
1.0,1.0
1.0,1.0
1.0,1.0
1.0,1.0
1.0,1.0
1.0,1.0
1.0,1.0
1.0,1.0
1.0,1.0
1.0,1.0
1.0,1.0
1.0,1.0
1.0,1.0
1.0,1.0
1.0,1.0
1.0,1.0
1.0,1.0
1.0,1.0
1.0,1.0
1.0,1.0
1.0,1.0
1.0,1.0
1.0,1.0
1.0,1.0
1.0,1.0
1.0,1.0
1.0,1.0
1.0,1.0
1.0,1.0
1.0,1.0
1.0,1.0
1.0,1.0
1.0,1.0
1.0,1.0
1.0,1.0
1.0,1.0
1.0,1.0
1.0,1.0
1.0,1.0
1.0,1.0
1.0,1.0
1.0,1.0
1.0,1.0
1.0,1.0
1.0,1.0
1.0,1.0
1.0,1.0
1.0,1.0
1.0,1.0
1.0,1.0
1.0,1.0
1.0,1.0
1.0,1.0
1.0,1.0
1.0,1.0
1.0,1.0
1.0,1.0
1.0,1.0
1.0,1.0
1.0,1.0
1.0,1.0
1.0,1.0
1.0,1.0
1.0,1.0
1.0,1.0
1.0,1.0
1.0,1.0
1.0,1.0
1.0,1.0
1.0,1.0
1.0,1.0
1.0,1.0
1.0,1.0
1.0,1.0
1.0,1.0
1.0,1.0
1.0,1.0
1.0,1.0
1.0,1.0
1.0,1.0
1.0,1.0
1.0,1.0
1.0,1.0
1.0,1.0
1.0,1.0
1.0,1.0
1.0,1.0
1.0,1.0
1.0,1.0
1.0,1.0
1.0,1.0
1.0,1.0
1.0,1.0
1.0,1.0
1.0,1.0
1.0,1.0
1.0,1.0
1.0,1.0
1.0,1.0
1.0,1.0
1.0,1.0
1.0,1.0
1.0,1.0
1.0,1.0
1.0,1.0
1.0,1.0
1.0,1.0
1.0,1.0
1.0,1.0
1.0,1.0
1.0,1.0
1.0,1.0
1.0,1.0
1.0,1.0
1.0,1.0
1.0,1.0
1.0,1.0
1.0,1.0
1.0,1.0
1.0,1.0
1.0,1.0
1.0,1.0
1.0,1.0
1.0,1.0
1.0,1.0
1.0,1.0
1.0,1.0
1.0,1.0
1.0,1.0
1.0,1.0
1.0,1.0
1.0,1.0
1.0,1.0
1.0,1.0
1.0,1.0
1.0,1.0
1.0,1.0
1.0,1.0
1.0,1.0
1.0,1.0
1.0,1.0
1.0,1.0
1.0,1.0
1.0,1.0
1.0,1.0
1.0,1.0
1.0,1.0
1.0,1.0
1.0,1.0
1.0,1.0
1.0,1.0
1.0,1.0
1.0,1.0
1.0,1.0
1.0,1.0
1.0,1.0
1.0,1.0
1.0,1.0
1.0,1.0
1.0,1.0
1.0,1.0
1.0,1.0
1.0,1.0
1.0,1.0
1.0,1.0
1.0,1.0
1.0,1.0
1.0,1.0
1.0,1.0
1.0,1.0
1.0,1.0
1.0,1.0
1.0,1.0
1.0,1.0
1.0,1.0
1.0,1.0
1.0,1.0
1.0,1.0
1.0,1.0
1.0,1.0
1.0,1.0
1.0,1.0
1.0,1.0
1.0,1.0
1.0,1.0
1.0,1.0
1.0,1.0
1.0,1.0
1.0,1.0
1.0,1.0
1.0,1.0
1.0,1.0
1.0,1.0
1.0,1.0
1.0,1.0
1.0,1.0
1.0,1.0
1.0,1.0
1.0,1.0
1.0,1.0
1.0,1.0
1.0,1.0
1.0,1.0
1.0,1.0
1.0,1.0
1.0,1.0
1.0,1.0
1.0,1.0
1.0,1.0
1.0,1.0
1.0,1.0
1.0,1.0
1.0,1.0
1.0,1.0
1.0,1.0
1.0,1.0
1.0,1.0
1.0,1.0
1.0,1.0
1.0,1.0
1.0,1.0
1.0,1.0
1.0,1.0
1.0,1.0
1.0,1.0
1.0,1.0
1.0,1.0
1.0,1.0
1.0,1.0
1.0,1.0
1.0,1.0
1.0,1.0
1.0,1.0
1.0,1.0
1.0,1.0
1.0,1.0
1.0,1.0
1.0,1.0
1.0,1.0
1.0,1.0
1.0,1.0
1.0,1.0
1.0,1.0
1.0,1.0
1.0,1.0
1.0,1.0
1.0,1.0
1.0,1.0
1.0,1.0
1.0,1.0
1.0,1.0
1.0,1.0
1.0,1.0
1.0,1.0
1.0,1.0
1.0,1.0
1.0,1.0
1.0,1.0
1.0,1.0
1.0,1.0
1.0,1.0
1.0,1.0
1.0,1.0
1.0,1.0
1.0,1.0
1.0,1.0
1.0,1.0
1.0,1.0
1.0,1.0
1.0,1.0
1.0,1.0
1.0,1.0
1.0,1.0
1.0,1.0
1.0,1.0
1.0,1.0
1.0,1.0
1.0,1.0
1.0,1.0
1.0,1.0
1.0,1.0
1.0,1.0
1.0,1.0
1.0,1.0
1.0,1.0
1.0,1.0
1.0,1.0
1.0,1.0
1.0,1.0
1.0,1.0
1.0,1.0
1.0,1.0
1.0,1.0
1.0,1.0
1.0,1.0
1.0,1.0
1.0,1.0
1.0,1.0
1.0,1.0
1.0,1.0
1.0,1.0
1.0,1.0
1.0,1.0
1.0,1.0
1.0,1.0
1.0,1.0
1.0,1.0
1.0,1.0
1.0,1.0
1.0,1.0
1.0,1.0
1.0,1.0
1.0,1.0
1.0,1.0
1.0,1.0
1.0,1.0
1.0,1.0
1.0,1.0
1.0,1.0
1.0,1.0
1.0,1.0
1.0,1.0
1.0,1.0
1.0,1.0
1.0,1.0
1.0,1.0
1.0,1.0
1.0,1.0
1.0,1.0
1.0,1.0
1.0,1.0
1.0,1.0
1.0,1.0
1.0,1.0
1.0,1.0
1.0,1.0
1.0,1.0
1.0,1.0
1.0,1.0
1.0,1.0
1.0,1.0
1.0,1.0
1.0,1.0
1.0,1.0
1.0,1.0
1.0,1.0
1.0,1.0
1.0,1.0
1.0,1.0
1.0,1.0
1.0,1.0
1.0,1.0
1.0,1.0
1.0,1.0
1.0,1.0
1.0,1.0
1.0,1.0
1.0,1.0
1.0,1.0
1.0,1.0
1.0,1.0
1.0,1.0
1.0,1.0
1.0,1.0
1.0,1.0
1.0,1.0
1.0,1.0
1.0,1.0
1.0,1.0
1.0,1.0
1.0,1.0
1.0,1.0
1.0,1.0
1.0,1.0
1.0,1.0
1.0,1.0
1.0,1.0
1.0,1.0
1.0,1.0
1.0,1.0
1.0,1.0
1.0,1.0
1.0,1.0
1.0,1.0
1.0,1.0
1.0,1.0
1.0,1.0
1.0,1.0
1.0,1.0
1.0,1.0
1.0,1.0
1.0,1.0
1.0,1.0
1.0,1.0
1.0,1.0
1.0,1.0
1.0,1.0
1.0,1.0
1.0,1.0
1.0,1.0
1.0,1.0
1.0,1.0
1.0,1.0
1.0,1.0
1.0,1.0
1.0,1.0
1.0,1.0
1.0,1.0
1.0,1.0
1.0,1.0
1.0,1.0
1.0,1.0
1.0,1.0
1.0,1.0
1.0,1.0
1.0,1.0
1.0,1.0
1.0,1.0
1.0,1.0
1.0,1.0
1.0,1.0
1.0,1.0
1.0,1.0
1.0,1.0
1.0,1.0
1.0,1.0
1.0,1.0
1.0,1.0
1.0,1.0
1.0,1.0
1.0,1.0
1.0,1.0
1.0,1.0
1.0,1.0
1.0,1.0
1.0,1.0
1.0,1.0
1.0,1.0
1.0,1.0
1.0,1.0
1.0,1.0
1.0,1.0
1.0,1.0
1.0,1.0
1.0,1.0
1.0,1.0
1.0,1.0
1.0,1.0
1.0,1.0
1.0,1.0
1.0,1.0
1.0,1.0
1.0,1.0
1.0,1.0
1.0,1.0
1.0,1.0
1.0,1.0
1.0,1.0
1.0,1.0
1.0,1.0
1.0,1.0
1.0,1.0
1.0,1.0
1.0,1.0
1.0,1.0
1.0,1.0
1.0,1.0
1.0,1.0
1.0,1.0
1.0,1.0
1.0,1.0
1.0,1.0
1.0,1.0
1.0,1.0
1.0,1.0
1.0,1.0
1.0,1.0
1.0,1.0
1.0,1.0
1.0,1.0
1.0,1.0
1.0,1.0
1.0,1.0
1.0,1.0
1.0,1.0
1.0,1.0
1.0,1.0
1.0,1.0
1.0,1.0
1.0,1.0
1.0,1.0
1.0,1.0
1.0,1.0
1.0,1.0
1.0,1.0
1.0,1.0
1.0,1.0
1.0,1.0
1.0,1.0
1.0,1.0
1.0,1.0
1.0,1.0
1.0,1.0
1.0,1.0
1.0,1.0
1.0,1.0
1.0,1.0
1.0,1.0
1.0,1.0
1.0,1.0
1.0,1.0
1.0,1.0
1.0,1.0
1.0,1.0
1.0,1.0
1.0,1.0
1.0,1.0
1.0,1.0
1.0,1.0
1.0,1.0
1.0,1.0
1.0,1.0
1.0,1.0
1.0,1.0
1.0,1.0
1.0,1.0
1.0,1.0
1.0,1.0
1.0,1.0
1.0,1.0
1.0,1.0
1.0,1.0
1.0,1.0
1.0,1.0
1.0,1.0
1.0,1.0
1.0,1.0
1.0,1.0
1.0,1.0
1.0,1.0
1.0,1.0
1.0,1.0
1.0,1.0
1.0,1.0
1.0,1.0
1.0,1.0
1.0,1.0
1.0,1.0
1.0,1.0
1.0,1.0
1.0,1.0
1.0,1.0
1.0,1.0
1.0,1.0
1.0,1.0
1.0,1.0
1.0,1.0
1.0,1.0
1.0,1.0
1.0,1.0
1.0,1.0
1.0,1.0
1.0,1.0
1.0,1.0
1.0,1.0
1.0,1.0
1.0,1.0
1.0,1.0
1.0,1.0
1.0,1.0
1.0,1.0
1.0,1.0
1.0,1.0
1.0,1.0
1.0,1.0
1.0,1.0
1.0,1.0
1.0,1.0
1.0,1.0
1.0,1.0
1.0,1.0
1.0,1.0
1.0,1.0
1.0,1.0
1.0,1.0
1.0,1.0
1.0,1.0
1.0,1.0
1.0,1.0
1.0,1.0
1.0,1.0
1.0,1.0
1.0,1.0
1.0,1.0
1.0,1.0
1.0,1.0
1.0,1.0
1.0,1.0
1.0,1.0
1.0,1.0
1.0,1.0
1.0,1.0
1.0,1.0
1.0,1.0
1.0,1.0
1.0,1.0
1.0,1.0
1.0,1.0
1.0,1.0
1.0,1.0
1.0,1.0
1.0,1.0
1.0,1.0
1.0,1.0
1.0,1.0
1.0,1.0
1.0,1.0
1.0,1.0
1.0,1.0
1.0,1.0
1.0,1.0
1.0,1.0
1.0,1.0
1.0,1.0
1.0,1.0
1.0,1.0
1.0,1.0
1.0,1.0
1.0,1.0
1.0,1.0
1.0,1.0
1.0,1.0
1.0,1.0
1.0,1.0
1.0,1.0
1.0,1.0
1.0,1.0
1.0,1.0
1.0,1.0
1.0,1.0
1.0,1.0
1.0,1.0
1.0,1.0
1.0,1.0
1.0,1.0
1.0,1.0
1.0,1.0
1.0,1.0
1.0,1.0
1.0,1.0
1.0,1.0
1.0,1.0
1.0,1.0
1.0,1.0
1.0,1.0
1.0,1.0
1.0,1.0
1.0,1.0
1.0,1.0
1.0,1.0
1.0,1.0
1.0,1.0
1.0,1.0
1.0,1.0
1.0,1.0
1.0,1.0
1.0,1.0
1.0,1.0
1.0,1.0
1.0,1.0
1.0,1.0
1.0,1.0
1.0,1.0
1.0,1.0
1.0,1.0
1.0,1.0
1.0,1.0
1.0,1.0
1.0,1.0
1.0,1.0
1.0,1.0
1.0,1.0
1.0,1.0
1.0,1.0
1.0,1.0
1.0,1.0
1.0,1.0
1.0,1.0
1.0,1.0
1.0,1.0
1.0,1.0
1.0,1.0
1.0,1.0
1.0,1.0
1.0,1.0
1.0,1.0
1.0,1.0
1.0,1.0
1.0,1.0
1.0,1.0
1.0,1.0
1.0,1.0
1.0,1.0
1.0,1.0
1.0,1.0
1.0,1.0
1.0,1.0
1.0,1.0
1.0,1.0
1.0,1.0
1.0,1.0
1.0,1.0
1.0,1.0
1.0,1.0
1.0,1.0
1.0,1.0
1.0,1.0
1.0,1.0
1.0,1.0
1.0,1.0
1.0,1.0
1.0,1.0
1.0,1.0
1.0,1.0
1.0,1.0
1.0,1.0
1.0,1.0
1.0,1.0
1.0,1.0
1.0,1.0
1.0,1.0
1.0,1.0
1.0,1.0
1.0,1.0
1.0,1.0
1.0,1.0
1.0,1.0
1.0,1.0
1.0,1.0
1.0,1.0
1.0,1.0
1.0,1.0
1.0,1.0
1.0,1.0
1.0,1.0
1.0,1.0
1.0,1.0
1.0,1.0
1.0,1.0
1.0,1.0
1.0,1.0
1.0,1.0
1.0,1.0
1.0,1.0
1.0,1.0
1.0,1.0
1.0,1.0
1.0,1.0
1.0,1.0
1.0,1.0
1.0,1.0
1.0,1.0
1.0,1.0
1.0,1.0
1.0,1.0
1.0,1.0
1.0,1.0
1.0,1.0
1.0,1.0
1.0,1.0
1.0,1.0
1.0,1.0
1.0,1.0
1.0,1.0
1.0,1.0
1.0,1.0
1.0,1.0
1.0,1.0
1.0,1.0
1.0,1.0
1.0,1.0
1.0,1.0
1.0,1.0
1.0,1.0
1.0,1.0
1.0,1.0
1.0,1.0
1.0,1.0
1.0,1.0
1.0,1.0
1.0,1.0
1.0,1.0
1.0,1.0
1.0,1.0
1.0,1.0
1.0,1.0
1.0,1.0
1.0,1.0
1.0,1.0
1.0,1.0
1.0,1.0
1.0,1.0
1.0,1.0
1.0,1.0
1.0,1.0
1.0,1.0
1.0,1.0
1.0,1.0
1.0,1.0
1.0,1.0
1.0,1.0
1.0,1.0
1.0,1.0
1.0,1.0
1.0,1.0
1.0,1.0
1.0,1.0
1.0,1.0
1.0,1.0
1.0,1.0
1.0,1.0
1.0,1.0
1.0,1.0
1.0,1.0
1.0,1.0
1.0,1.0
1.0,1.0
1.0,1.0
1.0,1.0
1.0,1.0
1.0,1.0
1.0,1.0
1.0,1.0
1.0,1.0
1.0,1.0
1.0,1.0
1.0,1.0
1.0,1.0
1.0,1.0
1.0,1.0
1.0,1.0
1.0,1.0
1.0,1.0
1.0,1.0
1.0,1.0
1.0,1.0
1.0,1.0
1.0,1.0
1.0,1.0
1.0,1.0
1.0,1.0
1.0,1.0
1.0,1.0
1.0,1.0
1.0,1.0
1.0,1.0
1.0,1.0
1.0,1.0
1.0,1.0
1.0,1.0
1.0,1.0
1.0,1.0
1.0,1.0
1.0,1.0
1.0,1.0
1.0,1.0
1.0,1.0
1.0,1.0
1.0,1.0
1.0,1.0
1.0,1.0
1.0,1.0
1.0,1.0
1.0,1.0
1.0,1.0
1.0,1.0
1.0,1.0
1.0,1.0
1.0,1.0
1.0,1.0
1.0,1.0
1.0,1.0
1.0,1.0
1.0,1.0
1.0,1.0
1.0,1.0
1.0,1.0
1.0,1.0
1.0,1.0
1.0,1.0
1.0,1.0
1.0,1.0
1.0,1.0
1.0,1.0
1.0,1.0
1.0,1.0
1.0,1.0
1.0,1.0
1.0,1.0
1.0,1.0
1.0,1.0
1.0,1.0
1.0,1.0
1.0,1.0
1.0,1.0
1.0,1.0
1.0,1.0
1.0,1.0
1.0,1.0
1.0,1.0
1.0,1.0
1.0,1.0
1.0,1.0
1.0,1.0
1.0,1.0
1.0,1.0
1.0,1.0
1.0,1.0
1.0,1.0
1.0,1.0
1.0,1.0
1.0,1.0
1.0,1.0
1.0,1.0
1.0,1.0
1.0,1.0
1.0,1.0
1.0,1.0
1.0,1.0
1.0,1.0
1.0,1.0
1.0,1.0
1.0,1.0
1.0,1.0
1.0,1.0
1.0,1.0
1.0,1.0
1.0,1.0
1.0,1.0
1.0,1.0
1.0,1.0
1.0,1.0
1.0,1.0
1.0,1.0
1.0,1.0
1.0,1.0
1.0,1.0
1.0,1.0
1.0,1.0
1.0,1.0
1.0,1.0
1.0,1.0
1.0,1.0
1.0,1.0
1.0,1.0
1.0,1.0
1.0,1.0
1.0,1.0
1.0,1.0
1.0,1.0
1.0,1.0
1.0,1.0
1.0,1.0
1.0,1.0
1.0,1.0
1.0,1.0
1.0,1.0
1.0,1.0
1.0,1.0
1.0,1.0
1.0,1.0
1.0,1.0
1.0,1.0
1.0,1.0
1.0,1.0
1.0,1.0
1.0,1.0
1.0,1.0
1.0,1.0
1.0,1.0
1.0,1.0
1.0,1.0
1.0,1.0
1.0,1.0
1.0,1.0
1.0,1.0
1.0,1.0
1.0,1.0
1.0,1.0
1.0,1.0
1.0,1.0
1.0,1.0
1.0,1.0
1.0,1.0
1.0,1.0
1.0,1.0
1.0,1.0
1.0,1.0
1.0,1.0
1.0,1.0
1.0,1.0
1.0,1.0
1.0,1.0
1.0,1.0
1.0,1.0
1.0,1.0
1.0,1.0
1.0,1.0
1.0,1.0
1.0,1.0
1.0,1.0
1.0,1.0
1.0,1.0
1.0,1.0
1.0,1.0
1.0,1.0
1.0,1.0
1.0,1.0
1.0,1.0
1.0,1.0
1.0,1.0
1.0,1.0
1.0,1.0
1.0,1.0
1.0,1.0
1.0,1.0
1.0,1.0
1.0,1.0
1.0,1.0
1.0,1.0
1.0,1.0
1.0,1.0
1.0,1.0
1.0,1.0
1.0,1.0
1.0,1.0
1.0,1.0
1.0,1.0
1.0,1.0
1.0,1.0
1.0,1.0
1.0,1.0
1.0,1.0
1.0,1.0
1.0,1.0
1.0,1.0
1.0,1.0
1.0,1.0
1.0,1.0
1.0,1.0
1.0,1.0
1.0,1.0
1.0,1.0
1.0,1.0
1.0,1.0
1.0,1.0
1.0,1.0
1.0,1.0
1.0,1.0
1.0,1.0
1.0,1.0
1.0,1.0
1.0,1.0
1.0,1.0
1.0,1.0
1.0,1.0
1.0,1.0
1.0,1.0
1.0,1.0
1.0,1.0
1.0,1.0
1.0,1.0
1.0,1.0
1.0,1.0
1.0,1.0
1.0,1.0
1.0,1.0
1.0,1.0
1.0,1.0
1.0,1.0
1.0,1.0
1.0,1.0
1.0,1.0
1.0,1.0
1.0,1.0
1.0,1.0
1.0,1.0
1.0,1.0
1.0,1.0
1.0,1.0
1.0,1.0
1.0,1.0
1.0,1.0
1.0,1.0
1.0,1.0
1.0,1.0
1.0,1.0
1.0,1.0
1.0,1.0
1.0,1.0
1.0,1.0
1.0,1.0
1.0,1.0
1.0,1.0
1.0,1.0
1.0,1.0
1.0,1.0
1.0,1.0
1.0,1.0
1.0,1.0
1.0,1.0
1.0,1.0
1.0,1.0
1.0,1.0
1.0,1.0
1.0,1.0
1.0,1.0
1.0,1.0
1.0,1.0
1.0,1.0
1.0,1.0
1.0,1.0
1.0,1.0
1.0,1.0
1.0,1.0
1.0,1.0
1.0,1.0
1.0,1.0
1.0,1.0
1.0,1.0
1.0,1.0
1.0,1.0
1.0,1.0
1.0,1.0
1.0,1.0
1.0,1.0
1.0,1.0
1.0,1.0
1.0,1.0
1.0,1.0
1.0,1.0
1.0,1.0
1.0,1.0
1.0,1.0
1.0,1.0
1.0,1.0
1.0,1.0
1.0,1.0
1.0,1.0
1.0,1.0
1.0,1.0
1.0,1.0
1.0,1.0
1.0,1.0
1.0,1.0
1.0,1.0
1.0,1.0
1.0,1.0
1.0,1.0
1.0,1.0
1.0,1.0
1.0,1.0
1.0,1.0
1.0,1.0
1.0,1.0
1.0,1.0
1.0,1.0
1.0,1.0
1.0,1.0
1.0,1.0
1.0,1.0
1.0,1.0
1.0,1.0
1.0,1.0
1.0,1.0
1.0,1.0
1.0,1.0
1.0,1.0
1.0,1.0
1.0,1.0
1.0,1.0
1.0,1.0
1.0,1.0
1.0,1.0
1.0,1.0
1.0,1.0
1.0,1.0
1.0,1.0
1.0,1.0
1.0,1.0
1.0,1.0
1.0,1.0
1.0,1.0
1.0,1.0
1.0,1.0
1.0,1.0
1.0,1.0
1.0,1.0
1.0,1.0
1.0,1.0
1.0,1.0
1.0,1.0
1.0,1.0
1.0,1.0
1.0,1.0
1.0,1.0
1.0,1.0
1.0,1.0
1.0,1.0
1.0,1.0
1.0,1.0
1.0,1.0
1.0,1.0
1.0,1.0
1.0,1.0
1.0,1.0
1.0,1.0
1.0,1.0
1.0,1.0
1.0,1.0
1.0,1.0
1.0,1.0
1.0,1.0
1.0,1.0
1.0,1.0
1.0,1.0
1.0,1.0
1.0,1.0
1.0,1.0
1.0,1.0
1.0,1.0
1.0,1.0
1.0,1.0
1.0,1.0
1.0,1.0
1.0,1.0
1.0,1.0
1.0,1.0
1.0,1.0
1.0,1.0
1.0,1.0
1.0,1.0
1.0,1.0
1.0,1.0
1.0,1.0
1.0,1.0
1.0,1.0
1.0,1.0
1.0,1.0
1.0,1.0
1.0,1.0
1.0,1.0
1.0,1.0
1.0,1.0
1.0,1.0
1.0,1.0
1.0,1.0
1.0,1.0
1.0,1.0
1.0,1.0
1.0,1.0
1.0,1.0
1.0,1.0
1.0,1.0
1.0,1.0
1.0,1.0
1.0,1.0
1.0,1.0
1.0,1.0
1.0,1.0
1.0,1.0
1.0,1.0
1.0,1.0
1.0,1.0
1.0,1.0
1.0,1.0
1.0,1.0
1.0,1.0
1.0,1.0
1.0,1.0
1.0,1.0
1.0,1.0
1.0,1.0
1.0,1.0
1.0,1.0
1.0,1.0
1.0,1.0
1.0,1.0
1.0,1.0
1.0,1.0
1.0,1.0
1.0,1.0
1.0,1.0
1.0,1.0
1.0,1.0
1.0,1.0
1.0,1.0
1.0,1.0
1.0,1.0
1.0,1.0
1.0,1.0
1.0,1.0
1.0,1.0
1.0,1.0
1.0,1.0
1.0,1.0
1.0,1.0
1.0,1.0
1.0,1.0
1.0,1.0
1.0,1.0
1.0,1.0
1.0,1.0
1.0,1.0
1.0,1.0
1.0,1.0
1.0,1.0
1.0,1.0
1.0,1.0
1.0,1.0
1.0,1.0
1.0,1.0
1.0,1.0
1.0,1.0
1.0,1.0
1.0,1.0
1.0,1.0
1.0,1.0
1.0,1.0
1.0,1.0
1.0,1.0
1.0,1.0
1.0,1.0
1.0,1.0
1.0,1.0
1.0,1.0
1.0,1.0
1.0,1.0
1.0,1.0
1.0,1.0
1.0,1.0
1.0,1.0
1.0,1.0
1.0,1.0
1.0,1.0
1.0,1.0
1.0,1.0
1.0,1.0
1.0,1.0
1.0,1.0
1.0,1.0
1.0,1.0
1.0,1.0
1.0,1.0
1.0,1.0
1.0,1.0
1.0,1.0
1.0,1.0
1.0,1.0
1.0,1.0
1.0,1.0
1.0,1.0
1.0,1.0
1.0,1.0
1.0,1.0
1.0,1.0
1.0,1.0
1.0,1.0
1.0,1.0
1.0,1.0
1.0,1.0
1.0,1.0
1.0,1.0
1.0,1.0
1.0,1.0
1.0,1.0
1.0,1.0
1.0,1.0
1.0,1.0
1.0,1.0
1.0,1.0
1.0,1.0
1.0,1.0
1.0,1.0
1.0,1.0
1.0,1.0
1.0,1.0
1.0,1.0
1.0,1.0
1.0,1.0
1.0,1.0
1.0,1.0
1.0,1.0
1.0,1.0
1.0,1.0
1.0,1.0
1.0,1.0
1.0,1.0
1.0,1.0
1.0,1.0
1.0,1.0
1.0,1.0
1.0,1.0
1.0,1.0
1.0,1.0
1.0,1.0
1.0,1.0
1.0,1.0
1.0,1.0
1.0,1.0
1.0,1.0
1.0,1.0
1.0,1.0
1.0,1.0
1.0,1.0
1.0,1.0
1.0,1.0
1.0,1.0
1.0,1.0
1.0,1.0
1.0,1.0
1.0,1.0
1.0,1.0
1.0,1.0
1.0,1.0
1.0,1.0
1.0,1.0
1.0,1.0
1.0,1.0
1.0,1.0
1.0,1.0
1.0,1.0
1.0,1.0
1.0,1.0
1.0,1.0
1.0,1.0
1.0,1.0
1.0,1.0
1.0,1.0
1.0,1.0
1.0,1.0
1.0,1.0
1.0,1.0
1.0,1.0
1.0,1.0
1.0,1.0
1.0,1.0
1.0,1.0
1.0,1.0
1.0,1.0
1.0,1.0
1.0,1.0
1.0,1.0
1.0,1.0
1.0,1.0
1.0,1.0
1.0,1.0
1.0,1.0
1.0,1.0
1.0,1.0
1.0,1.0
1.0,1.0
1.0,1.0
1.0,1.0
1.0,1.0
1.0,1.0
1.0,1.0
1.0,1.0
1.0,1.0
1.0,1.0
1.0,1.0
1.0,1.0
1.0,1.0
1.0,1.0
1.0,1.0
1.0,1.0
1.0,1.0
1.0,1.0
1.0,1.0
1.0,1.0
1.0,1.0
1.0,1.0
1.0,1.0
1.0,1.0
1.0,1.0
1.0,1.0
1.0,1.0
1.0,1.0
1.0,1.0
1.0,1.0
1.0,1.0
1.0,1.0
1.0,1.0
1.0,1.0
1.0,1.0
1.0,1.0
1.0,1.0
1.0,1.0
1.0,1.0
1.0,1.0
1.0,1.0
1.0,1.0
1.0,1.0
1.0,1.0
1.0,1.0
1.0,1.0
1.0,1.0
1.0,1.0
1.0,1.0
1.0,1.0
1.0,1.0
1.0,1.0
1.0,1.0
1.0,1.0
1.0,1.0
1.0,1.0
1.0,1.0
1.0,1.0
1.0,1.0
1.0,1.0
1.0,1.0
1.0,1.0
1.0,1.0
1.0,1.0
1.0,1.0
1.0,1.0
1.0,1.0
1.0,1.0
1.0,1.0
1.0,1.0
1.0,1.0
1.0,1.0
1.0,1.0
1.0,1.0
1.0,1.0
1.0,1.0
1.0,1.0
1.0,1.0
1.0,1.0
1.0,1.0
1.0,1.0
1.0,1.0
1.0,1.0
1.0,1.0
1.0,1.0
1.0,1.0
1.0,1.0
1.0,1.0
1.0,1.0
1.0,1.0
1.0,1.0
1.0,1.0
1.0,1.0
1.0,1.0
1.0,1.0
1.0,1.0
1.0,1.0
1.0,1.0
1.0,1.0
1.0,1.0
1.0,1.0
1.0,1.0
1.0,1.0
1.0,1.0
1.0,1.0
1.0,1.0
1.0,1.0
1.0,1.0
1.0,1.0
1.0,1.0
1.0,1.0
1.0,1.0
1.0,1.0
1.0,1.0
1.0,1.0
1.0,1.0
1.0,1.0
1.0,1.0
1.0,1.0
1.0,1.0
1.0,1.0
1.0,1.0
1.0,1.0
1.0,1.0
1.0,1.0
1.0,1.0
1.0,1.0
1.0,1.0
1.0,1.0
1.0,1.0
1.0,1.0
1.0,1.0
1.0,1.0
1.0,1.0
1.0,1.0
1.0,1.0
1.0,1.0
1.0,1.0
1.0,1.0
1.0,1.0
1.0,1.0
1.0,1.0
1.0,1.0
1.0,1.0
1.0,1.0
1.0,1.0
1.0,1.0
1.0,1.0
1.0,1.0
1.0,1.0
1.0,1.0
1.0,1.0
1.0,1.0
1.0,1.0
1.0,1.0
1.0,1.0
1.0,1.0
1.0,1.0
1.0,1.0
1.0,1.0
1.0,1.0
1.0,1.0
1.0,1.0
1.0,1.0
1.0,1.0
1.0,1.0
1.0,1.0
1.0,1.0
1.0,1.0
1.0,1.0
1.0,1.0
1.0,1.0
1.0,1.0
1.0,1.0
1.0,1.0
1.0,1.0
1.0,1.0
1.0,1.0
1.0,1.0
1.0,1.0
1.0,1.0
1.0,1.0
1.0,1.0
1.0,1.0
1.0,1.0
1.0,1.0
1.0,1.0
1.0,1.0
1.0,1.0
1.0,1.0
1.0,1.0
1.0,1.0
1.0,1.0
1.0,1.0
1.0,1.0
1.0,1.0
1.0,1.0
1.0,1.0
1.0,1.0
1.0,1.0
1.0,1.0
1.0,1.0
1.0,1.0
1.0,1.0
1.0,1.0
1.0,1.0
1.0,1.0
1.0,1.0
1.0,1.0
1.0,1.0
1.0,1.0
1.0,1.0
1.0,1.0
1.0,1.0
1.0,1.0
1.0,1.0
1.0,1.0
1.0,1.0
1.0,1.0
1.0,1.0
1.0,1.0
1.0,1.0
1.0,1.0
1.0,1.0
1.0,1.0
1.0,1.0
1.0,1.0
1.0,1.0
1.0,1.0
1.0,1.0
1.0,1.0
1.0,1.0
1.0,1.0
1.0,1.0
1.0,1.0
1.0,1.0
1.0,1.0
1.0,1.0
1.0,1.0
1.0,1.0
1.0,1.0
1.0,1.0
1.0,1.0
1.0,1.0
1.0,1.0
1.0,1.0
1.0,1.0
1.0,1.0
1.0,1.0
1.0,1.0
1.0,1.0
1.0,1.0
1.0,1.0
1.0,1.0
1.0,1.0
1.0,1.0
1.0,1.0
1.0,1.0
1.0,1.0
1.0,1.0
1.0,1.0
1.0,1.0
1.0,1.0
1.0,1.0
1.0,1.0
1.0,1.0
1.0,1.0
1.0,1.0
1.0,1.0
1.0,1.0
1.0,1.0
1.0,1.0
1.0,1.0
1.0,1.0
1.0,1.0
1.0,1.0
1.0,1.0
1.0,1.0
1.0,1.0
1.0,1.0
1.0,1.0
1.0,1.0
1.0,1.0
1.0,1.0
1.0,1.0
1.0,1.0
1.0,1.0
1.0,1.0
1.0,1.0
1.0,1.0
1.0,1.0
1.0,1.0
1.0,1.0
1.0,1.0
1.0,1.0
1.0,1.0
1.0,1.0
1.0,1.0
1.0,1.0
1.0,1.0
1.0,1.0
1.0,1.0
1.0,1.0
1.0,1.0
1.0,1.0
1.0,1.0
1.0,1.0
1.0,1.0
1.0,1.0
1.0,1.0
1.0,1.0
1.0,1.0
1.0,1.0
1.0,1.0
1.0,1.0
1.0,1.0
1.0,1.0
1.0,1.0
1.0,1.0
1.0,1.0
1.0,1.0
1.0,1.0
1.0,1.0
1.0,1.0
1.0,1.0
1.0,1.0
1.0,1.0
1.0,1.0
1.0,1.0
1.0,1.0
1.0,1.0
1.0,1.0
1.0,1.0
1.0,1.0
1.0,1.0
1.0,1.0
1.0,1.0
1.0,1.0
1.0,1.0
1.0,1.0
1.0,1.0
1.0,1.0
1.0,1.0
1.0,1.0
1.0,1.0
1.0,1.0
1.0,1.0
1.0,1.0
1.0,1.0
1.0,1.0
1.0,1.0
1.0,1.0
1.0,1.0
1.0,1.0
1.0,1.0
1.0,1.0
1.0,1.0
1.0,1.0
1.0,1.0
1.0,1.0
1.0,1.0
1.0,1.0
1.0,1.0
1.0,1.0
1.0,1.0
1.0,1.0
1.0,1.0
1.0,1.0
1.0,1.0
1.0,1.0
1.0,1.0
1.0,1.0
1.0,1.0
1.0,1.0
1.0,1.0
1.0,1.0
1.0,1.0
1.0,1.0
1.0,1.0
1.0,1.0
1.0,1.0
1.0,1.0
1.0,1.0
1.0,1.0
1.0,1.0
1.0,1.0
1.0,1.0
1.0,1.0
1.0,1.0
1.0,1.0
1.0,1.0
1.0,1.0
1.0,1.0
1.0,1.0
1.0,1.0
1.0,1.0
1.0,1.0
1.0,1.0
1.0,1.0
1.0,1.0
1.0,1.0
1.0,1.0
1.0,1.0
1.0,1.0
1.0,1.0
1.0,1.0
1.0,1.0
1.0,1.0
1.0,1.0
1.0,1.0
1.0,1.0
1.0,1.0
1.0,1.0
1.0,1.0
1.0,1.0
1.0,1.0
1.0,1.0
1.0,1.0
1.0,1.0
1.0,1.0
1.0,1.0
1.0,1.0
1.0,1.0
1.0,1.0
1.0,1.0
1.0,1.0
1.0,1.0
1.0,1.0
1.0,1.0
1.0,1.0
1.0,1.0
1.0,1.0
1.0,1.0
1.0,1.0
1.0,1.0
1.0,1.0
1.0,1.0
1.0,1.0
1.0,1.0
1.0,1.0
1.0,1.0
1.0,1.0
1.0,1.0
1.0,1.0
1.0,1.0
1.0,1.0
1.0,1.0
1.0,1.0
1.0,1.0
1.0,1.0
1.0,1.0
1.0,1.0
1.0,1.0
1.0,1.0
1.0,1.0
1.0,1.0
1.0,1.0
1.0,1.0
1.0,1.0
1.0,1.0
1.0,1.0
1.0,1.0
1.0,1.0
1.0,1.0
1.0,1.0
1.0,1.0
1.0,1.0
1.0,1.0
1.0,1.0
1.0,1.0
1.0,1.0
1.0,1.0
1.0,1.0
1.0,1.0
1.0,1.0
1.0,1.0
1.0,1.0
1.0,1.0
1.0,1.0
1.0,1.0
1.0,1.0
1.0,1.0
1.0,1.0
1.0,1.0
1.0,1.0
1.0,1.0
1.0,1.0
1.0,1.0
1.0,1.0
1.0,1.0
1.0,1.0
1.0,1.0
1.0,1.0
1.0,1.0
1.0,1.0
1.0,1.0
1.0,1.0
1.0,1.0
1.0,1.0
1.0,1.0
1.0,1.0
1.0,1.0
1.0,1.0
1.0,1.0
1.0,1.0
1.0,1.0
1.0,1.0
1.0,1.0
1.0,1.0
1.0,1.0
1.0,1.0
1.0,1.0
1.0,1.0
1.0,1.0
1.0,1.0
1.0,1.0
1.0,1.0
1.0,1.0
1.0,1.0
1.0,1.0
1.0,1.0
1.0,1.0
1.0,1.0
1.0,1.0
1.0,1.0
1.0,1.0
1.0,1.0
1.0,1.0
1.0,1.0
1.0,1.0
1.0,1.0
1.0,1.0
1.0,1.0
1.0,1.0
1.0,1.0
1.0,1.0
1.0,1.0
1.0,1.0
1.0,1.0
1.0,1.0
1.0,1.0
1.0,1.0
1.0,1.0
1.0,1.0
1.0,1.0
1.0,1.0
1.0,1.0
1.0,1.0
1.0,1.0
1.0,1.0
1.0,1.0
1.0,1.0
1.0,1.0
1.0,1.0
1.0,1.0
1.0,1.0
1.0,1.0
1.0,1.0
1.0,1.0
1.0,1.0
1.0,1.0
1.0,1.0
1.0,1.0
1.0,1.0
1.0,1.0
1.0,1.0
1.0,1.0
1.0,1.0
1.0,1.0
1.0,1.0
1.0,1.0
1.0,1.0
1.0,1.0
1.0,1.0
1.0,1.0
1.0,1.0
1.0,1.0
1.0,1.0
1.0,1.0
1.0,1.0
1.0,1.0
1.0,1.0
1.0,1.0
1.0,1.0
1.0,1.0
1.0,1.0
1.0,1.0
1.0,1.0
1.0,1.0
1.0,1.0
1.0,1.0
1.0,1.0
1.0,1.0
1.0,1.0
1.0,1.0
1.0,1.0
1.0,1.0
1.0,1.0
1.0,1.0
1.0,1.0
1.0,1.0
1.0,1.0
1.0,1.0
1.0,1.0
1.0,1.0
1.0,1.0
1.0,1.0
1.0,1.0
1.0,1.0
1.0,1.0
1.0,1.0
1.0,1.0
1.0,1.0
1.0,1.0
1.0,1.0
1.0,1.0
1.0,1.0
1.0,1.0
1.0,1.0
1.0,1.0
1.0,1.0
1.0,1.0
1.0,1.0
1.0,1.0
1.0,1.0
1.0,1.0
1.0,1.0
1.0,1.0
1.0,1.0
1.0,1.0
1.0,1.0
1.0,1.0
1.0,1.0
1.0,1.0
1.0,1.0
1.0,1.0
1.0,1.0
1.0,1.0
1.0,1.0
1.0,1.0
1.0,1.0
1.0,1.0
1.0,1.0
1.0,1.0
1.0,1.0
1.0,1.0
1.0,1.0
1.0,1.0
1.0,1.0
1.0,1.0
1.0,1.0
1.0,1.0
1.0,1.0
1.0,1.0
1.0,1.0
1.0,1.0
1.0,1.0
1.0,1.0
1.0,1.0
1.0,1.0
1.0,1.0
1.0,1.0
1.0,1.0
1.0,1.0
1.0,1.0
1.0,1.0
1.0,1.0
1.0,1.0
1.0,1.0
1.0,1.0
1.0,1.0
1.0,1.0
1.0,1.0
1.0,1.0
1.0,1.0
1.0,1.0
1.0,1.0
1.0,1.0
1.0,1.0
1.0,1.0
1.0,1.0
1.0,1.0
1.0,1.0
1.0,1.0
1.0,1.0
1.0,1.0
1.0,1.0
1.0,1.0
1.0,1.0
1.0,1.0
1.0,1.0
1.0,1.0
1.0,1.0
1.0,1.0
1.0,1.0
1.0,1.0
1.0,1.0
1.0,1.0
1.0,1.0
1.0,1.0
1.0,1.0
1.0,1.0
1.0,1.0
1.0,1.0
1.0,1.0
1.0,1.0
1.0,1.0
1.0,1.0
1.0,1.0
1.0,1.0
1.0,1.0
1.0,1.0
1.0,1.0
1.0,1.0
1.0,1.0
1.0,1.0
1.0,1.0
1.0,1.0
1.0,1.0
1.0,1.0
1.0,1.0
1.0,1.0
1.0,1.0
1.0,1.0
1.0,1.0
1.0,1.0
1.0,1.0
1.0,1.0
1.0,1.0
1.0,1.0
1.0,1.0
1.0,1.0
1.0,1.0
1.0,1.0
1.0,1.0
1.0,1.0
1.0,1.0
1.0,1.0
1.0,1.0
1.0,1.0
1.0,1.0
1.0,1.0
1.0,1.0
1.0,1.0
1.0,1.0
1.0,1.0
1.0,1.0
1.0,1.0
1.0,1.0
1.0,1.0
1.0,1.0
1.0,1.0
1.0,1.0
1.0,1.0
1.0,1.0
1.0,1.0
1.0,1.0
1.0,1.0
1.0,1.0
1.0,1.0
1.0,1.0
1.0,1.0
1.0,1.0
1.0,1.0
1.0,1.0
1.0,1.0
1.0,1.0
1.0,1.0
1.0,1.0
1.0,1.0
1.0,1.0
1.0,1.0
1.0,1.0
1.0,1.0
1.0,1.0
1.0,1.0
1.0,1.0
1.0,1.0
1.0,1.0
1.0,1.0
1.0,1.0
1.0,1.0
1.0,1.0
1.0,1.0
1.0,1.0
1.0,1.0
1.0,1.0
1.0,1.0
1.0,1.0
1.0,1.0
1.0,1.0
1.0,1.0
1.0,1.0
1.0,1.0
1.0,1.0
1.0,1.0
1.0,1.0
1.0,1.0
1.0,1.0
1.0,1.0
1.0,1.0
1.0,1.0
1.0,1.0
1.0,1.0
1.0,1.0
1.0,1.0
1.0,1.0
1.0,1.0
1.0,1.0
1.0,1.0
1.0,1.0
1.0,1.0
1.0,1.0
1.0,1.0
1.0,1.0
1.0,1.0
1.0,1.0
1.0,1.0
1.0,1.0
1.0,1.0
1.0,1.0
1.0,1.0
1.0,1.0
1.0,1.0
1.0,1.0
1.0,1.0
1.0,1.0
1.0,1.0
1.0,1.0
1.0,1.0
1.0,1.0
1.0,1.0
1.0,1.0
1.0,1.0
1.0,1.0
1.0,1.0
1.0,1.0
1.0,1.0
1.0,1.0
1.0,1.0
1.0,1.0
1.0,1.0
1.0,1.0
1.0,1.0
1.0,1.0
1.0,1.0
1.0,1.0
1.0,1.0
1.0,1.0
1.0,1.0
1.0,1.0
1.0,1.0
1.0,1.0
1.0,1.0
1.0,1.0
1.0,1.0
1.0,1.0
1.0,1.0
1.0,1.0
1.0,1.0
1.0,1.0
1.0,1.0
1.0,1.0
1.0,1.0
1.0,1.0
1.0,1.0
1.0,1.0
1.0,1.0
1.0,1.0
1.0,1.0
1.0,1.0
1.0,1.0
1.0,1.0
1.0,1.0
1.0,1.0
1.0,1.0
1.0,1.0
1.0,1.0
1.0,1.0
1.0,1.0
1.0,1.0
1.0,1.0
1.0,1.0
1.0,1.0
1.0,1.0
1.0,1.0
1.0,1.0
1.0,1.0
1.0,1.0
1.0,1.0
1.0,1.0
1.0,1.0
1.0,1.0
1.0,1.0
1.0,1.0
1.0,1.0
1.0,1.0
1.0,1.0
1.0,1.0
1.0,1.0
1.0,1.0
1.0,1.0
1.0,1.0
1.0,1.0
1.0,1.0
1.0,1.0
1.0,1.0
1.0,1.0
1.0,1.0
1.0,1.0
1.0,1.0
1.0,1.0
1.0,1.0
1.0,1.0
1.0,1.0
1.0,1.0
1.0,1.0
1.0,1.0
1.0,1.0
1.0,1.0
1.0,1.0
1.0,1.0
1.0,1.0
1.0,1.0
1.0,1.0
1.0,1.0
1.0,1.0
1.0,1.0
1.0,1.0
1.0,1.0
1.0,1.0
1.0,1.0
1.0,1.0
1.0,1.0
1.0,1.0
1.0,1.0
1.0,1.0
1.0,1.0
1.0,1.0
1.0,1.0
1.0,1.0
1.0,1.0
1.0,1.0
1.0,1.0
1.0,1.0
1.0,1.0
1.0,1.0
1.0,1.0
1.0,1.0
1.0,1.0
1.0,1.0
1.0,1.0
1.0,1.0
1.0,1.0
1.0,1.0
1.0,1.0
1.0,1.0
1.0,1.0
1.0,1.0
1.0,1.0
1.0,1.0
1.0,1.0
1.0,1.0
1.0,1.0
1.0,1.0
1.0,1.0
1.0,1.0
1.0,1.0
1.0,1.0
1.0,1.0
1.0,1.0
1.0,1.0
1.0,1.0
1.0,1.0
1.0,1.0
1.0,1.0
1.0,1.0
1.0,1.0
1.0,1.0
1.0,1.0
1.0,1.0
1.0,1.0
1.0,1.0
1.0,1.0
1.0,1.0
1.0,1.0
1.0,1.0
1.0,1.0
1.0,1.0
1.0,1.0
1.0,1.0
1.0,1.0
1.0,1.0
1.0,1.0
1.0,1.0
1.0,1.0
1.0,1.0
1.0,1.0
1.0,1.0
1.0,1.0
1.0,1.0
1.0,1.0
1.0,1.0
1.0,1.0
1.0,1.0
1.0,1.0
1.0,1.0
1.0,1.0
1.0,1.0
1.0,1.0
1.0,1.0
1.0,1.0
1.0,1.0
1.0,1.0
1.0,1.0
1.0,1.0
1.0,1.0
1.0,1.0
1.0,1.0
1.0,1.0
1.0,1.0
1.0,1.0
1.0,1.0
1.0,1.0
1.0,1.0
1.0,1.0
1.0,1.0
1.0,1.0
1.0,1.0
1.0,1.0
1.0,1.0
1.0,1.0
1.0,1.0
1.0,1.0
1.0,1.0
1.0,1.0
1.0,1.0
1.0,1.0
1.0,1.0
1.0,1.0
1.0,1.0
1.0,1.0
1.0,1.0
1.0,1.0
1.0,1.0
1.0,1.0
1.0,1.0
1.0,1.0
1.0,1.0
1.0,1.0
1.0,1.0
1.0,1.0
1.0,1.0
1.0,1.0
1.0,1.0
1.0,1.0
1.0,1.0
1.0,1.0
1.0,1.0
1.0,1.0
1.0,1.0
1.0,1.0
1.0,1.0
1.0,1.0
1.0,1.0
1.0,1.0
1.0,1.0
1.0,1.0
1.0,1.0
1.0,1.0
1.0,1.0
1.0,1.0
1.0,1.0
1.0,1.0
1.0,1.0
1.0,1.0
1.0,1.0
1.0,1.0
1.0,1.0
1.0,1.0
1.0,1.0
1.0,1.0
1.0,1.0
1.0,1.0
1.0,1.0
1.0,1.0
1.0,1.0
1.0,1.0
1.0,1.0
1.0,1.0
1.0,1.0
1.0,1.0
1.0,1.0
1.0,1.0
1.0,1.0
1.0,1.0
1.0,1.0
1.0,1.0
1.0,1.0
1.0,1.0
1.0,1.0
1.0,1.0
1.0,1.0
1.0,1.0
1.0,1.0
1.0,1.0
1.0,1.0
1.0,1.0
1.0,1.0
1.0,1.0
1.0,1.0
1.0,1.0
1.0,1.0
1.0,1.0
1.0,1.0
1.0,1.0
1.0,1.0
1.0,1.0
1.0,1.0
1.0,1.0
1.0,1.0
1.0,1.0
1.0,1.0
1.0,1.0
1.0,1.0
1.0,1.0
1.0,1.0
1.0,1.0
1.0,1.0
1.0,1.0
1.0,1.0
1.0,1.0
1.0,1.0
1.0,1.0
1.0,1.0
1.0,1.0
1.0,1.0
1.0,1.0
1.0,1.0
1.0,1.0
1.0,1.0
1.0,1.0
1.0,1.0
1.0,1.0
1.0,1.0
1.0,1.0
1.0,1.0
1.0,1.0
1.0,1.0
1.0,1.0
1.0,1.0
1.0,1.0
1.0,1.0
1.0,1.0
1.0,1.0
1.0,1.0
1.0,1.0
1.0,1.0
1.0,1.0
1.0,1.0
1.0,1.0
1.0,1.0
1.0,1.0
1.0,1.0
1.0,1.0
1.0,1.0
1.0,1.0
1.0,1.0
1.0,1.0
1.0,1.0
1.0,1.0
1.0,1.0
1.0,1.0
1.0,1.0
1.0,1.0
1.0,1.0
1.0,1.0
1.0,1.0
1.0,1.0
1.0,1.0
1.0,1.0
1.0,1.0
1.0,1.0
1.0,1.0
1.0,1.0
1.0,1.0
1.0,1.0
1.0,1.0
1.0,1.0
1.0,1.0
1.0,1.0
1.0,1.0
1.0,1.0
1.0,1.0
1.0,1.0
1.0,1.0
1.0,1.0
1.0,1.0
1.0,1.0
1.0,1.0
1.0,1.0
1.0,1.0
1.0,1.0
1.0,1.0
1.0,1.0
1.0,1.0
1.0,1.0
1.0,1.0
1.0,1.0
1.0,1.0
1.0,1.0
1.0,1.0
1.0,1.0
1.0,1.0
1.0,1.0
1.0,1.0
1.0,1.0
1.0,1.0
1.0,1.0
1.0,1.0
1.0,1.0
1.0,1.0
1.0,1.0
1.0,1.0
1.0,1.0
1.0,1.0
1.0,1.0
1.0,1.0
1.0,1.0
1.0,1.0
1.0,1.0
1.0,1.0
1.0,1.0
1.0,1.0
1.0,1.0
1.0,1.0
1.0,1.0
1.0,1.0
1.0,1.0
1.0,1.0
1.0,1.0
1.0,1.0
1.0,1.0
1.0,1.0
1.0,1.0
1.0,1.0
1.0,1.0
1.0,1.0
1.0,1.0
1.0,1.0
1.0,1.0
1.0,1.0
1.0,1.0
1.0,1.0
1.0,1.0
1.0,1.0
1.0,1.0
1.0,1.0
1.0,1.0
1.0,1.0
1.0,1.0
1.0,1.0
1.0,1.0
1.0,1.0
1.0,1.0
1.0,1.0
1.0,1.0
1.0,1.0
1.0,1.0
1.0,1.0
1.0,1.0
1.0,1.0
1.0,1.0
1.0,1.0
1.0,1.0
1.0,1.0
1.0,1.0
1.0,1.0
1.0,1.0
1.0,1.0
1.0,1.0
1.0,1.0
1.0,1.0
1.0,1.0
1.0,1.0
1.0,1.0
1.0,1.0
1.0,1.0
1.0,1.0
1.0,1.0
1.0,1.0
1.0,1.0
1.0,1.0
1.0,1.0
1.0,1.0
1.0,1.0
1.0,1.0
1.0,1.0
1.0,1.0
1.0,1.0
1.0,1.0
1.0,1.0
1.0,1.0
1.0,1.0
1.0,1.0
1.0,1.0
1.0,1.0
1.0,1.0
1.0,1.0
1.0,1.0
1.0,1.0
1.0,1.0
1.0,1.0
1.0,1.0
1.0,1.0
1.0,1.0
1.0,1.0
1.0,1.0
1.0,1.0
1.0,1.0
1.0,1.0
1.0,1.0
1.0,1.0
1.0,1.0
1.0,1.0
1.0,1.0
1.0,1.0
1.0,1.0
1.0,1.0
1.0,1.0
1.0,1.0
1.0,1.0
1.0,1.0
1.0,1.0
1.0,1.0
1.0,1.0
1.0,1.0
1.0,1.0
1.0,1.0
1.0,1.0
1.0,1.0
1.0,1.0
1.0,1.0
1.0,1.0
1.0,1.0
1.0,1.0
1.0,1.0
1.0,1.0
1.0,1.0
1.0,1.0
1.0,1.0
1.0,1.0
1.0,1.0
1.0,1.0
1.0,1.0
1.0,1.0
1.0,1.0
1.0,1.0
1.0,1.0
1.0,1.0
1.0,1.0
1.0,1.0
1.0,1.0
1.0,1.0
1.0,1.0
1.0,1.0
1.0,1.0
1.0,1.0
1.0,1.0
1.0,1.0
1.0,1.0
1.0,1.0
1.0,1.0
1.0,1.0
1.0,1.0
1.0,1.0
1.0,1.0
1.0,1.0
1.0,1.0
1.0,1.0
1.0,1.0
1.0,1.0
1.0,1.0
1.0,1.0
1.0,1.0
1.0,1.0
1.0,1.0
1.0,1.0
1.0,1.0
1.0,1.0
1.0,1.0
1.0,1.0
1.0,1.0
1.0,1.0
1.0,1.0
1.0,1.0
1.0,1.0
1.0,1.0
1.0,1.0
1.0,1.0
1.0,1.0
1.0,1.0
1.0,1.0
1.0,1.0
1.0,1.0
1.0,1.0
1.0,1.0
1.0,1.0
1.0,1.0
1.0,1.0
1.0,1.0
1.0,1.0
1.0,1.0
1.0,1.0
1.0,1.0
1.0,1.0
1.0,1.0
1.0,1.0
1.0,1.0
1.0,1.0
1.0,1.0
1.0,1.0
1.0,1.0
1.0,1.0
1.0,1.0
1.0,1.0
1.0,1.0
1.0,1.0
1.0,1.0
1.0,1.0
1.0,1.0
1.0,1.0
1.0,1.0
1.0,1.0
1.0,1.0
1.0,1.0
1.0,1.0
1.0,1.0
1.0,1.0
1.0,1.0
1.0,1.0
1.0,1.0
1.0,1.0
1.0,1.0
1.0,1.0
1.0,1.0
1.0,1.0
1.0,1.0
1.0,1.0
1.0,1.0
1.0,1.0
1.0,1.0
1.0,1.0
1.0,1.0
1.0,1.0
1.0,1.0
1.0,1.0
1.0,1.0
1.0,1.0
1.0,1.0
1.0,1.0
1.0,1.0
1.0,1.0
1.0,1.0
1.0,1.0
1.0,1.0
1.0,1.0
1.0,1.0
1.0,1.0
1.0,1.0
1.0,1.0
1.0,1.0
1.0,1.0
1.0,1.0
1.0,1.0
1.0,1.0
1.0,1.0
1.0,1.0
1.0,1.0
1.0,1.0
1.0,1.0
1.0,1.0
1.0,1.0
1.0,1.0
1.0,1.0
1.0,1.0
1.0,1.0
1.0,1.0
1.0,1.0
1.0,1.0
1.0,1.0
1.0,1.0
1.0,1.0
1.0,1.0
1.0,1.0
1.0,1.0
1.0,1.0
1.0,1.0
1.0,1.0
1.0,1.0
1.0,1.0
1.0,1.0
1.0,1.0
1.0,1.0
1.0,1.0
1.0,1.0
1.0,1.0
1.0,1.0
1.0,1.0
1.0,1.0
1.0,1.0
1.0,1.0
1.0,1.0
1.0,1.0
1.0,1.0
1.0,1.0
1.0,1.0
1.0,1.0
1.0,1.0
1.0,1.0
1.0,1.0
1.0,1.0
1.0,1.0
1.0,1.0
1.0,1.0
1.0,1.0
1.0,1.0
1.0,1.0
1.0,1.0
1.0,1.0
1.0,1.0
1.0,1.0
1.0,1.0
1.0,1.0
1.0,1.0
1.0,1.0
1.0,1.0
1.0,1.0
1.0,1.0
1.0,1.0
1.0,1.0
1.0,1.0
1.0,1.0
1.0,1.0
1.0,1.0
1.0,1.0
1.0,1.0
1.0,1.0
1.0,1.0
1.0,1.0
1.0,1.0
1.0,1.0
1.0,1.0
1.0,1.0
1.0,1.0
1.0,1.0
1.0,1.0
1.0,1.0
1.0,1.0
1.0,1.0
1.0,1.0
1.0,1.0
1.0,1.0
1.0,1.0
1.0,1.0
1.0,1.0
1.0,1.0
1.0,1.0
1.0,1.0
1.0,1.0
1.0,1.0
1.0,1.0
1.0,1.0
1.0,1.0
1.0,1.0
1.0,1.0
1.0,1.0
1.0,1.0
1.0,1.0
1.0,1.0
1.0,1.0
1.0,1.0
1.0,1.0
1.0,1.0
1.0,1.0
1.0,1.0
1.0,1.0
1.0,1.0
1.0,1.0
1.0,1.0
1.0,1.0
1.0,1.0
1.0,1.0
1.0,1.0
1.0,1.0
1.0,1.0
1.0,1.0
1.0,1.0
1.0,1.0
1.0,1.0
1.0,1.0
1.0,1.0
1.0,1.0
1.0,1.0
1.0,1.0
1.0,1.0
1.0,1.0
1.0,1.0
1.0,1.0
1.0,1.0
1.0,1.0
1.0,1.0
1.0,1.0
1.0,1.0
1.0,1.0
1.0,1.0
1.0,1.0
1.0,1.0
1.0,1.0
1.0,1.0
1.0,1.0
1.0,1.0
1.0,1.0
1.0,1.0
1.0,1.0
1.0,1.0
1.0,1.0
1.0,1.0
1.0,1.0
1.0,1.0
1.0,1.0
1.0,1.0
1.0,1.0
1.0,1.0
1.0,1.0
1.0,1.0
1.0,1.0
1.0,1.0
1.0,1.0
1.0,1.0
1.0,1.0
1.0,1.0
1.0,1.0
1.0,1.0
1.0,1.0
1.0,1.0
1.0,1.0
1.0,1.0
1.0,1.0
1.0,1.0
1.0,1.0
1.0,1.0
1.0,1.0
1.0,1.0
1.0,1.0
1.0,1.0
1.0,1.0
1.0,1.0
1.0,1.0
1.0,1.0
1.0,1.0
1.0,1.0
1.0,1.0
1.0,1.0
1.0,1.0
1.0,1.0
1.0,1.0
1.0,1.0
1.0,1.0
1.0,1.0
1.0,1.0
1.0,1.0
1.0,1.0
1.0,1.0
1.0,1.0
1.0,1.0
1.0,1.0
1.0,1.0
1.0,1.0
1.0,1.0
1.0,1.0
1.0,1.0
1.0,1.0
1.0,1.0
1.0,1.0
1.0,1.0
1.0,1.0
1.0,1.0
1.0,1.0
1.0,1.0
1.0,1.0
1.0,1.0
1.0,1.0
1.0,1.0
1.0,1.0
1.0,1.0
1.0,1.0
1.0,1.0
1.0,1.0
1.0,1.0
1.0,1.0
1.0,1.0
1.0,1.0
1.0,1.0
1.0,1.0
1.0,1.0
1.0,1.0
1.0,1.0
1.0,1.0
1.0,1.0
1.0,1.0
1.0,1.0
1.0,1.0
1.0,1.0
1.0,1.0
1.0,1.0
1.0,1.0
1.0,1.0
1.0,1.0
1.0,1.0
1.0,1.0
1.0,1.0
1.0,1.0
1.0,1.0
1.0,1.0
1.0,1.0
1.0,1.0
1.0,1.0
1.0,1.0
1.0,1.0
1.0,1.0
1.0,1.0
1.0,1.0
1.0,1.0
1.0,1.0
1.0,1.0
1.0,1.0
1.0,1.0
1.0,1.0
1.0,1.0
1.0,1.0
1.0,1.0
1.0,1.0
1.0,1.0
1.0,1.0
1.0,1.0
1.0,1.0
1.0,1.0
1.0,1.0
1.0,1.0
1.0,1.0
1.0,1.0
1.0,1.0
1.0,1.0
1.0,1.0
1.0,1.0
1.0,1.0
1.0,1.0
1.0,1.0
1.0,1.0
1.0,1.0
1.0,1.0
1.0,1.0
1.0,1.0
1.0,1.0
1.0,1.0
1.0,1.0
1.0,1.0
1.0,1.0
1.0,1.0
1.0,1.0
1.0,1.0
1.0,1.0
1.0,1.0
1.0,1.0
1.0,1.0
1.0,1.0
1.0,1.0
1.0,1.0
1.0,1.0
1.0,1.0
1.0,1.0
1.0,1.0
1.0,1.0
1.0,1.0
1.0,1.0
1.0,1.0
1.0,1.0
1.0,1.0
1.0,1.0
1.0,1.0
1.0,1.0
1.0,1.0
1.0,1.0
1.0,1.0
1.0,1.0
1.0,1.0
1.0,1.0
1.0,1.0
1.0,1.0
1.0,1.0
1.0,1.0
1.0,1.0
1.0,1.0
1.0,1.0
1.0,1.0
1.0,1.0
1.0,1.0
1.0,1.0
1.0,1.0
1.0,1.0
1.0,1.0
1.0,1.0
1.0,1.0
1.0,1.0
1.0,1.0
1.0,1.0
1.0,1.0
1.0,1.0
1.0,1.0
1.0,1.0
1.0,1.0
1.0,1.0
1.0,1.0
1.0,1.0
1.0,1.0
1.0,1.0
1.0,1.0
1.0,1.0
1.0,1.0
1.0,1.0
1.0,1.0
1.0,1.0
1.0,1.0
1.0,1.0
1.0,1.0
1.0,1.0
1.0,1.0
1.0,1.0
1.0,1.0
1.0,1.0
1.0,1.0
1.0,1.0
1.0,1.0
1.0,1.0
1.0,1.0
1.0,1.0
1.0,1.0
1.0,1.0
1.0,1.0
1.0,1.0
1.0,1.0
1.0,1.0
1.0,1.0
1.0,1.0
1.0,1.0
1.0,1.0
1.0,1.0
1.0,1.0
1.0,1.0
1.0,1.0
1.0,1.0
1.0,1.0
1.0,1.0
1.0,1.0
1.0,1.0
1.0,1.0
1.0,1.0
1.0,1.0
1.0,1.0
1.0,1.0
1.0,1.0
1.0,1.0
1.0,1.0
1.0,1.0
1.0,1.0
1.0,1.0
1.0,1.0
1.0,1.0
1.0,1.0
1.0,1.0
1.0,1.0
1.0,1.0
1.0,1.0
1.0,1.0
1.0,1.0
1.0,1.0
1.0,1.0
1.0,1.0
1.0,1.0
1.0,1.0
1.0,1.0
1.0,1.0
1.0,1.0
1.0,1.0
1.0,1.0
1.0,1.0
1.0,1.0
1.0,1.0
1.0,1.0
1.0,1.0
1.0,1.0
1.0,1.0
1.0,1.0
1.0,1.0
1.0,1.0
1.0,1.0
1.0,1.0
1.0,1.0
1.0,1.0
1.0,1.0
1.0,1.0
1.0,1.0
1.0,1.0
1.0,1.0
1.0,1.0
1.0,1.0
1.0,1.0
1.0,1.0
1.0,1.0
1.0,1.0
1.0,1.0
1.0,1.0
1.0,1.0
1.0,1.0
1.0,1.0
1.0,1.0
1.0,1.0
1.0,1.0
1.0,1.0
1.0,1.0
1.0,1.0
1.0,1.0
1.0,1.0
1.0,1.0
1.0,1.0
1.0,1.0
1.0,1.0
1.0,1.0
1.0,1.0
1.0,1.0
1.0,1.0
1.0,1.0
1.0,1.0
1.0,1.0
1.0,1.0
1.0,1.0
1.0,1.0
1.0,1.0
1.0,1.0
1.0,1.0
1.0,1.0
1.0,1.0
1.0,1.0
1.0,1.0
1.0,1.0
1.0,1.0
1.0,1.0
1.0,1.0
1.0,1.0
1.0,1.0
1.0,1.0
1.0,1.0
1.0,1.0
1.0,1.0
1.0,1.0
1.0,1.0
1.0,1.0
1.0,1.0
1.0,1.0
1.0,1.0
1.0,1.0
1.0,1.0
1.0,1.0
1.0,1.0
1.0,1.0
1.0,1.0
1.0,1.0
1.0,1.0
1.0,1.0
1.0,1.0
1.0,1.0
1.0,1.0
1.0,1.0
1.0,1.0
1.0,1.0
1.0,1.0
1.0,1.0
1.0,1.0
1.0,1.0
1.0,1.0
1.0,1.0
1.0,1.0
1.0,1.0
1.0,1.0
1.0,1.0
1.0,1.0
1.0,1.0
1.0,1.0
1.0,1.0
1.0,1.0
1.0,1.0
1.0,1.0
1.0,1.0
1.0,1.0
1.0,1.0
1.0,1.0
1.0,1.0
1.0,1.0
1.0,1.0
1.0,1.0
1.0,1.0
1.0,1.0
1.0,1.0
1.0,1.0
1.0,1.0
1.0,1.0
1.0,1.0
1.0,1.0
1.0,1.0
1.0,1.0
1.0,1.0
1.0,1.0
1.0,1.0
1.0,1.0
1.0,1.0
1.0,1.0
1.0,1.0
1.0,1.0
1.0,1.0
1.0,1.0
1.0,1.0
1.0,1.0
1.0,1.0
1.0,1.0
1.0,1.0
1.0,1.0
1.0,1.0
1.0,1.0
1.0,1.0
1.0,1.0
1.0,1.0
1.0,1.0
1.0,1.0
1.0,1.0
1.0,1.0
1.0,1.0
1.0,1.0
1.0,1.0
1.0,1.0
1.0,1.0
1.0,1.0
1.0,1.0
1.0,1.0
1.0,1.0
1.0,1.0
1.0,1.0
1.0,1.0
1.0,1.0
1.0,1.0
1.0,1.0
1.0,1.0
1.0,1.0
1.0,1.0
1.0,1.0
1.0,1.0
1.0,1.0
1.0,1.0
1.0,1.0
1.0,1.0
1.0,1.0
1.0,1.0
1.0,1.0
1.0,1.0
1.0,1.0
1.0,1.0
1.0,1.0
1.0,1.0
1.0,1.0
1.0,1.0
1.0,1.0
1.0,1.0
1.0,1.0
1.0,1.0
1.0,1.0
1.0,1.0
1.0,1.0
1.0,1.0
1.0,1.0
1.0,1.0
1.0,1.0
1.0,1.0
1.0,1.0
1.0,1.0
1.0,1.0
1.0,1.0
1.0,1.0
1.0,1.0
1.0,1.0
1.0,1.0
1.0,1.0
1.0,1.0
1.0,1.0
1.0,1.0
1.0,1.0
1.0,1.0
1.0,1.0
1.0,1.0
1.0,1.0
1.0,1.0
1.0,1.0
1.0,1.0
1.0,1.0
1.0,1.0
1.0,1.0
1.0,1.0
1.0,1.0
1.0,1.0
1.0,1.0
1.0,1.0
1.0,1.0
1.0,1.0
1.0,1.0
1.0,1.0
1.0,1.0
1.0,1.0
1.0,1.0
1.0,1.0
1.0,1.0
1.0,1.0
1.0,1.0
1.0,1.0
1.0,1.0
1.0,1.0
1.0,1.0
1.0,1.0
1.0,1.0
1.0,1.0
1.0,1.0
1.0,1.0
1.0,1.0
1.0,1.0
1.0,1.0
1.0,1.0
1.0,1.0
1.0,1.0
1.0,1.0
1.0,1.0
1.0,1.0
1.0,1.0
1.0,1.0
1.0,1.0
1.0,1.0
1.0,1.0
1.0,1.0
1.0,1.0
1.0,1.0
1.0,1.0
1.0,1.0
1.0,1.0
1.0,1.0
1.0,1.0
1.0,1.0
1.0,1.0
1.0,1.0
1.0,1.0
1.0,1.0
1.0,1.0
1.0,1.0
1.0,1.0
1.0,1.0
1.0,1.0
1.0,1.0
1.0,1.0
1.0,1.0
1.0,1.0
1.0,1.0
1.0,1.0
1.0,1.0
1.0,1.0
1.0,1.0
1.0,1.0
1.0,1.0
1.0,1.0
1.0,1.0
1.0,1.0
1.0,1.0
1.0,1.0
1.0,1.0
1.0,1.0
1.0,1.0
1.0,1.0
1.0,1.0
1.0,1.0
1.0,1.0
1.0,1.0
1.0,1.0
1.0,1.0
1.0,1.0
1.0,1.0
1.0,1.0
1.0,1.0
1.0,1.0
1.0,1.0
1.0,1.0
1.0,1.0
1.0,1.0
1.0,1.0
1.0,1.0
1.0,1.0
1.0,1.0
1.0,1.0
1.0,1.0
1.0,1.0
1.0,1.0
1.0,1.0
1.0,1.0
1.0,1.0
1.0,1.0
1.0,1.0
1.0,1.0
1.0,1.0
1.0,1.0
1.0,1.0
1.0,1.0
1.0,1.0
1.0,1.0
1.0,1.0
1.0,1.0
1.0,1.0
1.0,1.0
1.0,1.0
1.0,1.0
1.0,1.0
1.0,1.0
1.0,1.0
1.0,1.0
1.0,1.0
1.0,1.0
1.0,1.0
1.0,1.0
1.0,1.0
1.0,1.0
1.0,1.0
1.0,1.0
1.0,1.0
1.0,1.0
1.0,1.0
1.0,1.0
1.0,1.0
1.0,1.0
1.0,1.0
1.0,1.0
1.0,1.0
1.0,1.0
1.0,1.0
1.0,1.0
1.0,1.0
1.0,1.0
1.0,1.0
1.0,1.0
1.0,1.0
1.0,1.0
1.0,1.0
1.0,1.0
1.0,1.0
1.0,1.0
1.0,1.0
1.0,1.0
1.0,1.0
1.0,1.0
1.0,1.0
1.0,1.0
1.0,1.0
1.0,1.0
1.0,1.0
1.0,1.0
1.0,1.0
1.0,1.0
1.0,1.0
1.0,1.0
1.0,1.0
1.0,1.0
1.0,1.0
1.0,1.0
1.0,1.0
1.0,1.0
1.0,1.0
1.0,1.0
1.0,1.0
1.0,1.0
1.0,1.0
1.0,1.0
1.0,1.0
1.0,1.0
1.0,1.0
1.0,1.0
1.0,1.0
1.0,1.0
1.0,1.0
1.0,1.0
1.0,1.0
1.0,1.0
1.0,1.0
1.0,1.0
1.0,1.0
1.0,1.0
1.0,1.0
1.0,1.0
1.0,1.0
1.0,1.0
1.0,1.0
1.0,1.0
1.0,1.0
1.0,1.0
1.0,1.0
1.0,1.0
1.0,1.0
1.0,1.0
1.0,1.0
1.0,1.0
1.0,1.0
1.0,1.0
1.0,1.0
1.0,1.0
1.0,1.0
1.0,1.0
1.0,1.0
1.0,1.0
1.0,1.0
1.0,1.0
1.0,1.0
1.0,1.0
1.0,1.0
1.0,1.0
1.0,1.0
1.0,1.0
1.0,1.0
1.0,1.0
1.0,1.0
1.0,1.0
1.0,1.0
1.0,1.0
1.0,1.0
1.0,1.0
1.0,1.0
1.0,1.0
1.0,1.0
1.0,1.0
1.0,1.0
1.0,1.0
1.0,1.0
1.0,1.0
1.0,1.0
1.0,1.0
1.0,1.0
1.0,1.0
1.0,1.0
1.0,1.0
1.0,1.0
1.0,1.0
1.0,1.0
1.0,1.0
1.0,1.0
1.0,1.0
1.0,1.0
1.0,1.0
1.0,1.0
1.0,1.0
1.0,1.0
1.0,1.0
1.0,1.0
1.0,1.0
1.0,1.0
1.0,1.0
1.0,1.0
1.0,1.0
1.0,1.0
1.0,1.0
1.0,1.0
1.0,1.0
1.0,1.0
1.0,1.0
1.0,1.0
1.0,1.0
1.0,1.0
1.0,1.0
1.0,1.0
1.0,1.0
1.0,1.0
1.0,1.0
1.0,1.0
1.0,1.0
1.0,1.0
1.0,1.0
1.0,1.0
1.0,1.0
1.0,1.0
1.0,1.0
1.0,1.0
1.0,1.0
1.0,1.0
1.0,1.0
1.0,1.0
1.0,1.0
1.0,1.0
1.0,1.0
1.0,1.0
1.0,1.0
1.0,1.0
1.0,1.0
1.0,1.0
1.0,1.0
1.0,1.0
1.0,1.0
1.0,1.0
1.0,1.0
1.0,1.0
1.0,1.0
1.0,1.0
1.0,1.0
1.0,1.0
1.0,1.0
1.0,1.0
1.0,1.0
1.0,1.0
1.0,1.0
1.0,1.0
1.0,1.0
1.0,1.0
1.0,1.0
1.0,1.0
1.0,1.0
1.0,1.0
1.0,1.0
1.0,1.0
1.0,1.0
1.0,1.0
1.0,1.0
1.0,1.0
1.0,1.0
1.0,1.0
1.0,1.0
1.0,1.0
1.0,1.0
1.0,1.0
1.0,1.0
1.0,1.0
1.0,1.0
1.0,1.0
1.0,1.0
1.0,1.0
1.0,1.0
1.0,1.0
1.0,1.0
1.0,1.0
1.0,1.0
1.0,1.0
1.0,1.0
1.0,1.0
1.0,1.0
1.0,1.0
1.0,1.0
1.0,1.0
1.0,1.0
1.0,1.0
1.0,1.0
1.0,1.0
1.0,1.0
1.0,1.0
1.0,1.0
1.0,1.0
1.0,1.0
1.0,1.0
1.0,1.0
1.0,1.0
1.0,1.0
1.0,1.0
1.0,1.0
1.0,1.0
1.0,1.0
1.0,1.0
1.0,1.0
1.0,1.0
1.0,1.0
1.0,1.0
1.0,1.0
1.0,1.0
1.0,1.0
1.0,1.0
1.0,1.0
1.0,1.0
1.0,1.0
1.0,1.0
1.0,1.0
1.0,1.0
1.0,1.0
1.0,1.0
1.0,1.0
1.0,1.0
1.0,1.0
1.0,1.0
1.0,1.0
1.0,1.0
1.0,1.0
1.0,1.0
1.0,1.0
1.0,1.0
1.0,1.0
1.0,1.0
1.0,1.0
1.0,1.0
1.0,1.0
1.0,1.0
1.0,1.0
1.0,1.0
1.0,1.0
1.0,1.0
1.0,1.0
1.0,1.0
1.0,1.0
1.0,1.0
1.0,1.0
1.0,1.0
1.0,1.0
1.0,1.0
1.0,1.0
1.0,1.0
1.0,1.0
1.0,1.0
1.0,1.0
1.0,1.0
1.0,1.0
1.0,1.0
1.0,1.0
1.0,1.0
1.0,1.0
1.0,1.0
1.0,1.0
1.0,1.0
1.0,1.0
1.0,1.0
1.0,1.0
1.0,1.0
1.0,1.0
1.0,1.0
1.0,1.0
1.0,1.0
1.0,1.0
1.0,1.0
1.0,1.0
1.0,1.0
1.0,1.0
1.0,1.0
1.0,1.0
1.0,1.0
1.0,1.0
1.0,1.0
1.0,1.0
1.0,1.0
1.0,1.0
1.0,1.0
1.0,1.0
1.0,1.0
1.0,1.0
1.0,1.0
1.0,1.0
1.0,1.0
1.0,1.0
1.0,1.0
1.0,1.0
1.0,1.0
1.0,1.0
1.0,1.0
1.0,1.0
1.0,1.0
1.0,1.0
1.0,1.0
1.0,1.0
1.0,1.0
1.0,1.0
1.0,1.0
1.0,1.0
1.0,1.0
1.0,1.0
1.0,1.0
1.0,1.0
1.0,1.0
1.0,1.0
1.0,1.0
1.0,1.0
1.0,1.0
1.0,1.0
1.0,1.0
1.0,1.0
1.0,1.0
1.0,1.0
1.0,1.0
1.0,1.0
1.0,1.0
1.0,1.0
1.0,1.0
1.0,1.0
1.0,1.0
1.0,1.0
1.0,1.0
1.0,1.0
1.0,1.0
1.0,1.0
1.0,1.0
1.0,1.0
1.0,1.0
1.0,1.0
1.0,1.0
1.0,1.0
1.0,1.0
1.0,1.0
1.0,1.0
1.0,1.0
1.0,1.0
1.0,1.0
1.0,1.0
1.0,1.0
1.0,1.0
1.0,1.0
1.0,1.0
1.0,1.0
1.0,1.0
1.0,1.0
1.0,1.0
1.0,1.0
1.0,1.0
1.0,1.0
1.0,1.0
1.0,1.0
1.0,1.0
1.0,1.0
1.0,1.0
1.0,1.0
1.0,1.0
1.0,1.0
1.0,1.0
1.0,1.0
1.0,1.0
1.0,1.0
1.0,1.0
1.0,1.0
1.0,1.0
1.0,1.0
1.0,1.0
1.0,1.0
1.0,1.0
1.0,1.0
1.0,1.0
1.0,1.0
1.0,1.0
1.0,1.0
1.0,1.0
1.0,1.0
1.0,1.0
1.0,1.0
1.0,1.0
1.0,1.0
1.0,1.0
1.0,1.0
1.0,1.0
1.0,1.0
1.0,1.0
1.0,1.0
1.0,1.0
1.0,1.0
1.0,1.0
1.0,1.0
1.0,1.0
1.0,1.0
1.0,1.0
1.0,1.0
1.0,1.0
1.0,1.0
1.0,1.0
1.0,1.0
1.0,1.0
1.0,1.0
1.0,1.0
1.0,1.0
1.0,1.0
1.0,1.0
1.0,1.0
1.0,1.0
1.0,1.0
1.0,1.0
1.0,1.0
1.0,1.0
1.0,1.0
1.0,1.0
1.0,1.0
1.0,1.0
1.0,1.0
1.0,1.0
1.0,1.0
1.0,1.0
1.0,1.0
1.0,1.0
1.0,1.0
1.0,1.0
1.0,1.0
1.0,1.0
1.0,1.0
1.0,1.0
1.0,1.0
1.0,1.0
1.0,1.0
1.0,1.0
1.0,1.0
1.0,1.0
1.0,1.0
1.0,1.0
1.0,1.0
1.0,1.0
1.0,1.0
1.0,1.0
1.0,1.0
1.0,1.0
1.0,1.0
1.0,1.0
1.0,1.0
1.0,1.0
1.0,1.0
1.0,1.0
1.0,1.0
1.0,1.0
1.0,1.0
1.0,1.0
1.0,1.0
1.0,1.0
1.0,1.0
1.0,1.0
1.0,1.0
1.0,1.0
1.0,1.0
1.0,1.0
1.0,1.0
1.0,1.0
1.0,1.0
1.0,1.0
1.0,1.0
1.0,1.0
1.0,1.0
1.0,1.0
1.0,1.0
1.0,1.0
1.0,1.0
1.0,1.0
1.0,1.0
1.0,1.0
1.0,1.0
1.0,1.0
1.0,1.0
1.0,1.0
1.0,1.0
1.0,1.0
1.0,1.0
1.0,1.0
1.0,1.0
1.0,1.0
1.0,1.0
1.0,1.0
1.0,1.0
1.0,1.0
1.0,1.0
1.0,1.0
1.0,1.0
1.0,1.0
1.0,1.0
1.0,1.0
1.0,1.0
1.0,1.0
1.0,1.0
1.0,1.0
1.0,1.0
1.0,1.0
1.0,1.0
1.0,1.0
1.0,1.0
1.0,1.0
1.0,1.0
1.0,1.0
1.0,1.0
1.0,1.0
1.0,1.0
1.0,1.0
1.0,1.0
1.0,1.0
1.0,1.0
1.0,1.0
1.0,1.0
1.0,1.0
1.0,1.0
1.0,1.0
1.0,1.0
1.0,1.0
1.0,1.0
1.0,1.0
1.0,1.0
1.0,1.0
1.0,1.0
1.0,1.0
1.0,1.0
1.0,1.0
1.0,1.0
1.0,1.0
1.0,1.0
1.0,1.0
1.0,1.0
1.0,1.0
1.0,1.0
1.0,1.0
1.0,1.0
1.0,1.0
1.0,1.0
1.0,1.0
1.0,1.0
1.0,1.0
1.0,1.0
1.0,1.0
1.0,1.0
1.0,1.0
1.0,1.0
1.0,1.0
1.0,1.0
1.0,1.0
1.0,1.0
1.0,1.0
1.0,1.0
1.0,1.0
1.0,1.0
1.0,1.0
1.0,1.0
1.0,1.0
1.0,1.0
1.0,1.0
1.0,1.0
1.0,1.0
1.0,1.0
1.0,1.0
1.0,1.0
1.0,1.0
1.0,1.0
1.0,1.0
1.0,1.0
1.0,1.0
1.0,1.0
1.0,1.0
1.0,1.0
1.0,1.0
1.0,1.0
1.0,1.0
1.0,1.0
1.0,1.0
1.0,1.0
1.0,1.0
1.0,1.0
1.0,1.0
1.0,1.0
1.0,1.0
1.0,1.0
1.0,1.0
1.0,1.0
1.0,1.0
1.0,1.0
1.0,1.0
1.0,1.0
1.0,1.0
1.0,1.0
1.0,1.0
1.0,1.0
1.0,1.0
1.0,1.0
1.0,1.0
1.0,1.0
1.0,1.0
1.0,1.0
1.0,1.0
1.0,1.0
1.0,1.0
1.0,1.0
1.0,1.0
1.0,1.0
1.0,1.0
1.0,1.0
1.0,1.0
1.0,1.0
1.0,1.0
1.0,1.0
1.0,1.0
1.0,1.0
1.0,1.0
1.0,1.0
1.0,1.0
1.0,1.0
1.0,1.0
1.0,1.0
1.0,1.0
1.0,1.0
1.0,1.0
1.0,1.0
1.0,1.0
1.0,1.0
1.0,1.0
1.0,1.0
1.0,1.0
1.0,1.0
1.0,1.0
1.0,1.0
1.0,1.0
1.0,1.0
1.0,1.0
1.0,1.0
1.0,1.0
1.0,1.0
1.0,1.0
1.0,1.0
1.0,1.0
1.0,1.0
1.0,1.0
1.0,1.0
1.0,1.0
1.0,1.0
1.0,1.0
1.0,1.0
1.0,1.0
1.0,1.0
1.0,1.0
1.0,1.0
1.0,1.0
1.0,1.0
1.0,1.0
1.0,1.0
1.0,1.0
1.0,1.0
1.0,1.0
1.0,1.0
1.0,1.0
1.0,1.0
1.0,1.0
1.0,1.0
1.0,1.0
1.0,1.0
1.0,1.0
1.0,1.0
1.0,1.0
1.0,1.0
1.0,1.0
1.0,1.0
1.0,1.0
1.0,1.0
1.0,1.0
1.0,1.0
1.0,1.0
1.0,1.0
1.0,1.0
1.0,1.0
1.0,1.0
1.0,1.0
1.0,1.0
1.0,1.0
1.0,1.0
1.0,1.0
1.0,1.0
1.0,1.0
1.0,1.0
1.0,1.0
1.0,1.0
1.0,1.0
1.0,1.0
1.0,1.0
1.0,1.0
1.0,1.0
1.0,1.0
1.0,1.0
1.0,1.0
1.0,1.0
1.0,1.0
1.0,1.0
1.0,1.0
1.0,1.0
1.0,1.0
1.0,1.0
1.0,1.0
1.0,1.0
1.0,1.0
1.0,1.0
1.0,1.0
1.0,1.0
1.0,1.0
1.0,1.0
1.0,1.0
1.0,1.0
1.0,1.0
1.0,1.0
1.0,1.0
1.0,1.0
1.0,1.0
1.0,1.0
1.0,1.0
1.0,1.0
1.0,1.0
1.0,1.0
1.0,1.0
1.0,1.0
1.0,1.0
1.0,1.0
1.0,1.0
1.0,1.0
1.0,1.0
1.0,1.0
1.0,1.0
1.0,1.0
1.0,1.0
1.0,1.0
1.0,1.0
1.0,1.0
1.0,1.0
1.0,1.0
1.0,1.0
1.0,1.0
1.0,1.0
1.0,1.0
1.0,1.0
1.0,1.0
1.0,1.0
1.0,1.0
1.0,1.0
1.0,1.0
1.0,1.0
1.0,1.0
1.0,1.0
1.0,1.0
1.0,1.0
1.0,1.0
1.0,1.0
1.0,1.0
1.0,1.0
1.0,1.0
1.0,1.0
1.0,1.0
1.0,1.0
1.0,1.0
1.0,1.0
1.0,1.0
1.0,1.0
1.0,1.0
1.0,1.0
1.0,1.0
1.0,1.0
1.0,1.0
1.0,1.0
1.0,1.0
1.0,1.0
1.0,1.0
1.0,1.0
1.0,1.0
1.0,1.0
1.0,1.0
1.0,1.0
1.0,1.0
1.0,1.0
1.0,1.0
1.0,1.0
1.0,1.0
1.0,1.0
1.0,1.0
1.0,1.0
1.0,1.0
1.0,1.0
1.0,1.0
1.0,1.0
1.0,1.0
1.0,1.0
1.0,1.0
1.0,1.0
1.0,1.0
1.0,1.0
1.0,1.0
1.0,1.0
1.0,1.0
1.0,1.0
1.0,1.0
1.0,1.0
1.0,1.0
1.0,1.0
1.0,1.0
1.0,1.0
1.0,1.0
1.0,1.0
1.0,1.0
1.0,1.0
1.0,1.0
1.0,1.0
1.0,1.0
1.0,1.0
1.0,1.0
1.0,1.0
1.0,1.0
1.0,1.0
1.0,1.0
1.0,1.0
1.0,1.0
1.0,1.0
1.0,1.0
1.0,1.0
1.0,1.0
1.0,1.0
1.0,1.0
1.0,1.0
1.0,1.0
1.0,1.0
1.0,1.0
1.0,1.0
1.0,1.0
1.0,1.0
1.0,1.0
1.0,1.0
1.0,1.0
1.0,1.0
1.0,1.0
1.0,1.0
1.0,1.0
1.0,1.0
1.0,1.0
1.0,1.0
1.0,1.0
1.0,1.0
1.0,1.0
1.0,1.0
1.0,1.0
1.0,1.0
1.0,1.0
1.0,1.0
1.0,1.0
1.0,1.0
1.0,1.0
1.0,1.0
1.0,1.0
1.0,1.0
1.0,1.0
1.0,1.0
1.0,1.0
1.0,1.0
1.0,1.0
1.0,1.0
1.0,1.0
1.0,1.0
1.0,1.0
1.0,1.0
1.0,1.0
1.0,1.0
1.0,1.0
1.0,1.0
1.0,1.0
1.0,1.0
1.0,1.0
1.0,1.0
1.0,1.0
1.0,1.0
1.0,1.0
1.0,1.0
1.0,1.0
1.0,1.0
1.0,1.0
1.0,1.0
1.0,1.0
1.0,1.0
1.0,1.0
1.0,1.0
1.0,1.0
1.0,1.0
1.0,1.0
1.0,1.0
1.0,1.0
1.0,1.0
1.0,1.0
1.0,1.0
1.0,1.0
1.0,1.0
1.0,1.0
1.0,1.0
1.0,1.0
1.0,1.0
1.0,1.0
1.0,1.0
1.0,1.0
1.0,1.0
1.0,1.0
1.0,1.0
1.0,1.0
1.0,1.0
1.0,1.0
1.0,1.0
1.0,1.0
1.0,1.0
1.0,1.0
1.0,1.0
1.0,1.0
1.0,1.0
1.0,1.0
1.0,1.0
1.0,1.0
1.0,1.0
1.0,1.0
1.0,1.0
1.0,1.0
1.0,1.0
1.0,1.0
1.0,1.0
1.0,1.0
1.0,1.0
1.0,1.0
1.0,1.0
1.0,1.0
1.0,1.0
1.0,1.0
1.0,1.0
1.0,1.0
1.0,1.0
1.0,1.0
1.0,1.0
1.0,1.0
1.0,1.0
1.0,1.0
1.0,1.0
1.0,1.0
1.0,1.0
1.0,1.0
1.0,1.0
1.0,1.0
1.0,1.0
1.0,1.0
1.0,1.0
1.0,1.0
1.0,1.0
1.0,1.0
1.0,1.0
1.0,1.0
1.0,1.0
1.0,1.0
1.0,1.0
1.0,1.0
1.0,1.0
1.0,1.0
1.0,1.0
1.0,1.0
1.0,1.0
1.0,1.0
1.0,1.0
1.0,1.0
1.0,1.0
1.0,1.0
1.0,1.0
1.0,1.0
1.0,1.0
1.0,1.0
1.0,1.0
1.0,1.0
1.0,1.0
1.0,1.0
1.0,1.0
1.0,1.0
1.0,1.0
1.0,1.0
1.0,1.0
1.0,1.0
1.0,1.0
1.0,1.0
1.0,1.0
1.0,1.0
1.0,1.0
1.0,1.0
1.0,1.0
1.0,1.0
1.0,1.0
1.0,1.0
1.0,1.0
1.0,1.0
1.0,1.0
1.0,1.0
1.0,1.0
1.0,1.0
1.0,1.0
1.0,1.0
1.0,1.0
1.0,1.0
1.0,1.0
1.0,1.0
1.0,1.0
1.0,1.0
1.0,1.0
1.0,1.0
1.0,1.0
1.0,1.0
1.0,1.0
1.0,1.0
1.0,1.0
1.0,1.0
1.0,1.0
1.0,1.0
1.0,1.0
1.0,1.0
1.0,1.0
1.0,1.0
1.0,1.0
1.0,1.0
1.0,1.0
1.0,1.0
1.0,1.0
1.0,1.0
1.0,1.0
1.0,1.0
1.0,1.0
1.0,1.0
1.0,1.0
1.0,1.0
1.0,1.0
1.0,1.0
1.0,1.0
1.0,1.0
1.0,1.0
1.0,1.0
1.0,1.0
1.0,1.0
1.0,1.0
1.0,1.0
1.0,1.0
1.0,1.0
1.0,1.0
1.0,1.0
1.0,1.0
1.0,1.0
1.0,1.0
1.0,1.0
1.0,1.0
1.0,1.0
1.0,1.0
1.0,1.0
1.0,1.0
1.0,1.0
1.0,1.0
1.0,1.0
1.0,1.0
1.0,1.0
1.0,1.0
1.0,1.0
1.0,1.0
1.0,1.0
1.0,1.0
1.0,1.0
1.0,1.0
1.0,1.0
1.0,1.0
1.0,1.0
1.0,1.0
1.0,1.0
1.0,1.0
1.0,1.0
1.0,1.0
1.0,1.0
1.0,1.0
1.0,1.0
1.0,1.0
1.0,1.0
1.0,1.0
1.0,1.0
1.0,1.0
1.0,1.0
1.0,1.0
1.0,1.0
1.0,1.0
1.0,1.0
1.0,1.0
1.0,1.0
1.0,1.0
1.0,1.0
1.0,1.0
1.0,1.0
1.0,1.0
1.0,1.0
1.0,1.0
1.0,1.0
1.0,1.0
1.0,1.0
1.0,1.0
1.0,1.0
1.0,1.0
1.0,1.0
1.0,1.0
1.0,1.0
1.0,1.0
1.0,1.0
1.0,1.0
1.0,1.0
1.0,1.0
1.0,1.0
1.0,1.0
1.0,1.0
1.0,1.0
1.0,1.0
1.0,1.0
1.0,1.0
1.0,1.0
1.0,1.0
1.0,1.0
1.0,1.0
1.0,1.0
1.0,1.0
1.0,1.0
1.0,1.0
1.0,1.0
1.0,1.0
1.0,1.0
1.0,1.0
1.0,1.0
1.0,1.0
1.0,1.0
1.0,1.0
1.0,1.0
1.0,1.0
1.0,1.0
1.0,1.0
1.0,1.0
1.0,1.0
1.0,1.0
1.0,1.0
1.0,1.0
1.0,1.0
1.0,1.0
1.0,1.0
1.0,1.0
1.0,1.0
1.0,1.0
1.0,1.0
1.0,1.0
1.0,1.0
1.0,1.0
1.0,1.0
1.0,1.0
1.0,1.0
1.0,1.0
1.0,1.0
1.0,1.0
1.0,1.0
1.0,1.0
1.0,1.0
1.0,1.0
1.0,1.0
1.0,1.0
1.0,1.0
1.0,1.0
1.0,1.0
1.0,1.0
1.0,1.0
1.0,1.0
1.0,1.0
1.0,1.0
1.0,1.0
1.0,1.0
1.0,1.0
1.0,1.0
1.0,1.0
1.0,1.0
1.0,1.0
1.0,1.0
1.0,1.0
1.0,1.0
1.0,1.0
1.0,1.0
1.0,1.0
1.0,1.0
1.0,1.0
1.0,1.0
1.0,1.0
1.0,1.0
1.0,1.0
1.0,1.0
1.0,1.0
1.0,1.0
1.0,1.0
1.0,1.0
1.0,1.0
1.0,1.0
1.0,1.0
1.0,1.0
1.0,1.0
1.0,1.0
1.0,1.0
1.0,1.0
1.0,1.0
1.0,1.0
1.0,1.0
1.0,1.0
1.0,1.0
1.0,1.0
1.0,1.0
1.0,1.0
1.0,1.0
1.0,1.0
1.0,1.0
1.0,1.0
1.0,1.0
1.0,1.0
1.0,1.0
1.0,1.0
1.0,1.0
1.0,1.0
1.0,1.0
1.0,1.0
1.0,1.0
1.0,1.0
1.0,1.0
1.0,1.0
1.0,1.0
1.0,1.0
1.0,1.0
1.0,1.0
1.0,1.0
1.0,1.0
1.0,1.0
1.0,1.0
1.0,1.0
1.0,1.0
1.0,1.0
1.0,1.0
1.0,1.0
1.0,1.0
1.0,1.0
1.0,1.0
1.0,1.0
1.0,1.0
1.0,1.0
1.0,1.0
1.0,1.0
1.0,1.0
1.0,1.0
1.0,1.0
1.0,1.0
1.0,1.0
1.0,1.0
1.0,1.0
1.0,1.0
1.0,1.0
1.0,1.0
1.0,1.0
1.0,1.0
1.0,1.0
1.0,1.0
1.0,1.0
1.0,1.0
1.0,1.0
1.0,1.0
1.0,1.0
1.0,1.0
1.0,1.0
1.0,1.0
1.0,1.0
1.0,1.0
1.0,1.0
1.0,1.0
1.0,1.0
1.0,1.0
1.0,1.0
1.0,1.0
1.0,1.0
1.0,1.0
1.0,1.0
1.0,1.0
1.0,1.0
1.0,1.0
1.0,1.0
1.0,1.0
1.0,1.0
1.0,1.0
1.0,1.0
1.0,1.0
1.0,1.0
1.0,1.0
1.0,1.0
1.0,1.0
1.0,1.0
1.0,1.0
1.0,1.0
1.0,1.0
1.0,1.0
1.0,1.0
1.0,1.0
1.0,1.0
1.0,1.0
1.0,1.0
1.0,1.0
1.0,1.0
1.0,1.0
1.0,1.0
1.0,1.0
1.0,1.0
1.0,1.0
1.0,1.0
1.0,1.0
1.0,1.0
1.0,1.0
1.0,1.0
1.0,1.0
1.0,1.0
1.0,1.0
1.0,1.0
1.0,1.0
1.0,1.0
1.0,1.0
1.0,1.0
1.0,1.0
1.0,1.0
1.0,1.0
1.0,1.0
1.0,1.0
1.0,1.0
1.0,1.0
1.0,1.0
1.0,1.0
1.0,1.0
1.0,1.0
1.0,1.0
1.0,1.0
1.0,1.0
1.0,1.0
1.0,1.0
1.0,1.0
1.0,1.0
1.0,1.0
1.0,1.0
1.0,1.0
1.0,1.0
1.0,1.0
1.0,1.0
1.0,1.0
1.0,1.0
1.0,1.0
1.0,1.0
1.0,1.0
1.0,1.0
1.0,1.0
1.0,1.0
1.0,1.0
1.0,1.0
1.0,1.0
1.0,1.0
1.0,1.0
1.0,1.0
1.0,1.0
1.0,1.0
1.0,1.0
1.0,1.0
1.0,1.0
1.0,1.0
1.0,1.0
1.0,1.0
1.0,1.0
1.0,1.0
1.0,1.0
1.0,1.0
1.0,1.0
1.0,1.0
1.0,1.0
1.0,1.0
1.0,1.0
1.0,1.0
1.0,1.0
1.0,1.0
1.0,1.0
1.0,1.0
1.0,1.0
1.0,1.0
1.0,1.0
1.0,1.0
1.0,1.0
1.0,1.0
1.0,1.0
1.0,1.0
1.0,1.0
1.0,1.0
1.0,1.0
1.0,1.0
1.0,1.0
1.0,1.0
1.0,1.0
1.0,1.0
1.0,1.0
1.0,1.0
1.0,1.0
1.0,1.0
1.0,1.0
1.0,1.0
1.0,1.0
1.0,1.0
1.0,1.0
1.0,1.0
1.0,1.0
1.0,1.0
1.0,1.0
1.0,1.0
1.0,1.0
1.0,1.0
1.0,1.0
1.0,1.0
1.0,1.0
1.0,1.0
1.0,1.0
1.0,1.0
1.0,1.0
1.0,1.0
1.0,1.0
1.0,1.0
1.0,1.0
1.0,1.0
1.0,1.0
1.0,1.0
1.0,1.0
1.0,1.0
1.0,1.0
1.0,1.0
1.0,1.0
1.0,1.0
1.0,1.0
1.0,1.0
1.0,1.0
1.0,1.0
1.0,1.0
1.0,1.0
1.0,1.0
1.0,1.0
1.0,1.0
1.0,1.0
1.0,1.0
1.0,1.0
1.0,1.0
1.0,1.0
1.0,1.0
1.0,1.0
1.0,1.0
1.0,1.0
1.0,1.0
1.0,1.0
1.0,1.0
1.0,1.0
1.0,1.0
1.0,1.0
1.0,1.0
1.0,1.0
1.0,1.0
1.0,1.0
1.0,1.0
1.0,1.0
1.0,1.0
1.0,1.0
1.0,1.0
1.0,1.0
1.0,1.0
1.0,1.0
1.0,1.0
1.0,1.0
1.0,1.0
1.0,1.0
1.0,1.0
1.0,1.0
1.0,1.0
1.0,1.0
1.0,1.0
1.0,1.0
1.0,1.0
1.0,1.0
1.0,1.0
1.0,1.0
1.0,1.0
1.0,1.0
1.0,1.0
1.0,1.0
1.0,1.0
1.0,1.0
1.0,1.0
1.0,1.0
1.0,1.0
1.0,1.0
1.0,1.0
1.0,1.0
1.0,1.0
1.0,1.0
1.0,1.0
1.0,1.0
1.0,1.0
1.0,1.0
1.0,1.0
1.0,1.0
1.0,1.0
1.0,1.0
1.0,1.0
1.0,1.0
1.0,1.0
1.0,1.0
1.0,1.0
1.0,1.0
1.0,1.0
1.0,1.0
1.0,1.0
1.0,1.0
1.0,1.0
1.0,1.0
1.0,1.0
1.0,1.0
1.0,1.0
1.0,1.0
1.0,1.0
1.0,1.0
1.0,1.0
1.0,1.0
1.0,1.0
1.0,1.0
1.0,1.0
1.0,1.0
1.0,1.0
1.0,1.0
1.0,1.0
1.0,1.0
1.0,1.0
1.0,1.0
1.0,1.0
1.0,1.0
1.0,1.0
1.0,1.0
1.0,1.0
1.0,1.0
1.0,1.0
1.0,1.0
1.0,1.0
1.0,1.0
1.0,1.0
1.0,1.0
1.0,1.0
1.0,1.0
1.0,1.0
1.0,1.0
1.0,1.0
1.0,1.0
1.0,1.0
1.0,1.0
1.0,1.0
1.0,1.0
1.0,1.0
1.0,1.0
1.0,1.0
1.0,1.0
1.0,1.0
1.0,1.0
1.0,1.0
1.0,1.0
1.0,1.0
1.0,1.0
1.0,1.0
1.0,1.0
1.0,1.0
1.0,1.0
1.0,1.0
1.0,1.0
1.0,1.0
1.0,1.0
1.0,1.0
1.0,1.0
1.0,1.0
1.0,1.0
1.0,1.0
1.0,1.0
1.0,1.0
1.0,1.0
1.0,1.0
1.0,1.0
1.0,1.0
1.0,1.0
1.0,1.0
1.0,1.0
1.0,1.0
1.0,1.0
1.0,1.0
1.0,1.0
1.0,1.0
1.0,1.0
1.0,1.0
1.0,1.0
1.0,1.0
1.0,1.0
1.0,1.0
1.0,1.0
1.0,1.0
1.0,1.0
1.0,1.0
1.0,1.0
1.0,1.0
1.0,1.0
1.0,1.0
1.0,1.0
1.0,1.0
1.0,1.0
1.0,1.0
1.0,1.0
1.0,1.0
1.0,1.0
1.0,1.0
1.0,1.0
1.0,1.0
1.0,1.0
1.0,1.0
1.0,1.0
1.0,1.0
1.0,1.0
1.0,1.0
1.0,1.0
1.0,1.0
1.0,1.0
1.0,1.0
1.0,1.0
1.0,1.0
1.0,1.0
1.0,1.0
1.0,1.0
1.0,1.0
1.0,1.0
1.0,1.0
1.0,1.0
1.0,1.0
1.0,1.0
1.0,1.0
1.0,1.0
1.0,1.0
1.0,1.0
1.0,1.0
1.0,1.0
1.0,1.0
1.0,1.0
1.0,1.0
1.0,1.0
1.0,1.0
1.0,1.0
1.0,1.0
1.0,1.0
1.0,1.0
1.0,1.0
1.0,1.0
1.0,1.0
1.0,1.0
1.0,1.0
1.0,1.0
1.0,1.0
1.0,1.0
1.0,1.0
1.0,1.0
1.0,1.0
1.0,1.0
1.0,1.0
1.0,1.0
1.0,1.0
1.0,1.0
1.0,1.0
1.0,1.0
1.0,1.0
1.0,1.0
1.0,1.0
1.0,1.0
1.0,1.0
1.0,1.0
1.0,1.0
1.0,1.0
1.0,1.0
1.0,1.0
1.0,1.0
1.0,1.0
1.0,1.0
1.0,1.0
1.0,1.0
1.0,1.0
1.0,1.0
1.0,1.0
1.0,1.0
1.0,1.0
1.0,1.0
1.0,1.0
1.0,1.0
1.0,1.0
1.0,1.0
1.0,1.0
1.0,1.0
1.0,1.0
1.0,1.0
1.0,1.0
1.0,1.0
1.0,1.0
1.0,1.0
1.0,1.0
1.0,1.0
1.0,1.0
1.0,1.0
1.0,1.0
1.0,1.0
1.0,1.0
1.0,1.0
1.0,1.0
1.0,1.0
1.0,1.0
1.0,1.0
1.0,1.0
1.0,1.0
1.0,1.0
1.0,1.0
1.0,1.0
1.0,1.0
1.0,1.0
1.0,1.0
1.0,1.0
1.0,1.0
1.0,1.0
1.0,1.0
1.0,1.0
1.0,1.0
1.0,1.0
1.0,1.0
1.0,1.0
1.0,1.0
1.0,1.0
1.0,1.0
1.0,1.0
1.0,1.0
1.0,1.0
1.0,1.0
1.0,1.0
1.0,1.0
1.0,1.0
1.0,1.0
1.0,1.0
1.0,1.0
1.0,1.0
1.0,1.0
1.0,1.0
1.0,1.0
1.0,1.0
1.0,1.0
1.0,1.0
1.0,1.0
1.0,1.0
1.0,1.0
1.0,1.0
1.0,1.0
1.0,1.0
1.0,1.0
1.0,1.0
1.0,1.0
1.0,1.0
1.0,1.0
1.0,1.0
1.0,1.0
1.0,1.0
1.0,1.0
1.0,1.0
1.0,1.0
1.0,1.0
1.0,1.0
1.0,1.0
1.0,1.0
1.0,1.0
1.0,1.0
1.0,1.0
1.0,1.0
1.0,1.0
1.0,1.0
1.0,1.0
1.0,1.0
1.0,1.0
1.0,1.0
1.0,1.0
1.0,1.0
1.0,1.0
1.0,1.0
1.0,1.0
1.0,1.0
1.0,1.0
1.0,1.0
1.0,1.0
1.0,1.0
1.0,1.0
1.0,1.0
1.0,1.0
1.0,1.0
1.0,1.0
1.0,1.0
1.0,1.0
1.0,1.0
1.0,1.0
1.0,1.0
1.0,1.0
1.0,1.0
1.0,1.0
1.0,1.0
1.0,1.0
1.0,1.0
1.0,1.0
1.0,1.0
1.0,1.0
1.0,1.0
1.0,1.0
1.0,1.0
1.0,1.0
1.0,1.0
1.0,1.0
1.0,1.0
1.0,1.0
1.0,1.0
1.0,1.0
1.0,1.0
1.0,1.0
1.0,1.0
1.0,1.0
1.0,1.0
1.0,1.0
1.0,1.0
1.0,1.0
1.0,1.0
1.0,1.0
1.0,1.0
1.0,1.0
1.0,1.0
1.0,1.0
1.0,1.0
1.0,1.0
1.0,1.0
1.0,1.0
1.0,1.0
1.0,1.0
1.0,1.0
1.0,1.0
1.0,1.0
1.0,1.0
1.0,1.0
1.0,1.0
1.0,1.0
1.0,1.0
1.0,1.0
1.0,1.0
1.0,1.0
1.0,1.0
1.0,1.0
1.0,1.0
1.0,1.0
1.0,1.0
1.0,1.0
1.0,1.0
1.0,1.0
1.0,1.0
1.0,1.0
1.0,1.0
1.0,1.0
1.0,1.0
1.0,1.0
1.0,1.0
1.0,1.0
1.0,1.0
1.0,1.0
1.0,1.0
1.0,1.0
1.0,1.0
1.0,1.0
1.0,1.0
1.0,1.0
1.0,1.0
1.0,1.0
1.0,1.0
1.0,1.0
1.0,1.0
1.0,1.0
1.0,1.0
1.0,1.0
1.0,1.0
1.0,1.0
1.0,1.0
1.0,1.0
1.0,1.0
1.0,1.0
1.0,1.0
1.0,1.0
1.0,1.0
1.0,1.0
1.0,1.0
1.0,1.0
1.0,1.0
1.0,1.0
1.0,1.0
1.0,1.0
1.0,1.0
1.0,1.0
1.0,1.0
1.0,1.0
1.0,1.0
1.0,1.0
1.0,1.0
1.0,1.0
1.0,1.0
1.0,1.0
1.0,1.0
1.0,1.0
1.0,1.0
1.0,1.0
1.0,1.0
1.0,1.0
1.0,1.0
1.0,1.0
1.0,1.0
1.0,1.0
1.0,1.0
1.0,1.0
1.0,1.0
1.0,1.0
1.0,1.0
1.0,1.0
1.0,1.0
1.0,1.0
1.0,1.0
1.0,1.0
1.0,1.0
1.0,1.0
1.0,1.0
1.0,1.0
1.0,1.0
1.0,1.0
1.0,1.0
1.0,1.0
1.0,1.0
1.0,1.0
1.0,1.0
1.0,1.0
1.0,1.0
1.0,1.0
1.0,1.0
1.0,1.0
1.0,1.0
1.0,1.0
1.0,1.0
1.0,1.0
1.0,1.0
1.0,1.0
1.0,1.0
1.0,1.0
1.0,1.0
1.0,1.0
1.0,1.0
1.0,1.0
1.0,1.0
1.0,1.0
1.0,1.0
1.0,1.0
1.0,1.0
1.0,1.0
1.0,1.0
1.0,1.0
1.0,1.0
1.0,1.0
1.0,1.0
1.0,1.0
1.0,1.0
1.0,1.0
1.0,1.0
1.0,1.0
1.0,1.0
1.0,1.0
1.0,1.0
1.0,1.0
1.0,1.0
1.0,1.0
1.0,1.0
1.0,1.0
1.0,1.0
1.0,1.0
1.0,1.0
1.0,1.0
1.0,1.0
1.0,1.0
1.0,1.0
1.0,1.0
1.0,1.0
1.0,1.0
1.0,1.0
1.0,1.0
1.0,1.0
1.0,1.0
1.0,1.0
1.0,1.0
1.0,1.0
1.0,1.0
1.0,1.0
1.0,1.0
1.0,1.0
1.0,1.0
1.0,1.0
1.0,1.0
1.0,1.0
1.0,1.0
1.0,1.0
1.0,1.0
1.0,1.0
1.0,1.0
1.0,1.0
1.0,1.0
1.0,1.0
1.0,1.0
1.0,1.0
1.0,1.0
1.0,1.0
1.0,1.0
1.0,1.0
1.0,1.0
1.0,1.0
1.0,1.0
1.0,1.0
1.0,1.0
1.0,1.0
1.0,1.0
1.0,1.0
1.0,1.0
1.0,1.0
1.0,1.0
1.0,1.0
1.0,1.0
1.0,1.0
1.0,1.0
1.0,1.0
1.0,1.0
1.0,1.0
1.0,1.0
1.0,1.0
1.0,1.0
1.0,1.0
1.0,1.0
1.0,1.0
1.0,1.0
1.0,1.0
1.0,1.0
1.0,1.0
1.0,1.0
1.0,1.0
1.0,1.0
1.0,1.0
1.0,1.0
1.0,1.0
1.0,1.0
1.0,1.0
1.0,1.0
1.0,1.0
1.0,1.0
1.0,1.0
1.0,1.0
1.0,1.0
1.0,1.0
1.0,1.0
1.0,1.0
1.0,1.0
1.0,1.0
1.0,1.0
1.0,1.0
1.0,1.0
1.0,1.0
1.0,1.0
1.0,1.0
1.0,1.0
1.0,1.0
1.0,1.0
1.0,1.0
1.0,1.0
1.0,1.0
1.0,1.0
1.0,1.0
1.0,1.0
1.0,1.0
1.0,1.0
1.0,1.0
1.0,1.0
1.0,1.0
1.0,1.0
1.0,1.0
1.0,1.0
1.0,1.0
1.0,1.0
1.0,1.0
1.0,1.0
1.0,1.0
1.0,1.0
1.0,1.0
1.0,1.0
1.0,1.0
1.0,1.0
1.0,1.0
1.0,1.0
1.0,1.0
1.0,1.0
1.0,1.0
1.0,1.0
1.0,1.0
1.0,1.0
1.0,1.0
1.0,1.0
1.0,1.0
1.0,1.0
1.0,1.0
1.0,1.0
1.0,1.0
1.0,1.0
1.0,1.0
1.0,1.0
1.0,1.0
1.0,1.0
1.0,1.0
1.0,1.0
1.0,1.0
1.0,1.0
1.0,1.0
1.0,1.0
1.0,1.0
1.0,1.0
1.0,1.0
1.0,1.0
1.0,1.0
1.0,1.0
1.0,1.0
1.0,1.0
1.0,1.0
1.0,1.0
1.0,1.0
1.0,1.0
1.0,1.0
1.0,1.0
1.0,1.0
1.0,1.0
1.0,1.0
1.0,1.0
1.0,1.0
1.0,1.0
1.0,1.0
1.0,1.0
1.0,1.0
1.0,1.0
1.0,1.0
1.0,1.0
1.0,1.0
1.0,1.0
1.0,1.0
1.0,1.0
1.0,1.0
1.0,1.0
1.0,1.0
1.0,1.0
1.0,1.0
1.0,1.0
1.0,1.0
1.0,1.0
1.0,1.0
1.0,1.0
1.0,1.0
1.0,1.0
1.0,1.0
1.0,1.0
1.0,1.0
1.0,1.0
1.0,1.0
1.0,1.0
1.0,1.0
1.0,1.0
1.0,1.0
1.0,1.0
1.0,1.0
1.0,1.0
1.0,1.0
1.0,1.0
1.0,1.0
1.0,1.0
1.0,1.0
1.0,1.0
1.0,1.0
1.0,1.0
1.0,1.0
1.0,1.0
1.0,1.0
1.0,1.0
1.0,1.0
1.0,1.0
1.0,1.0
1.0,1.0
1.0,1.0
1.0,1.0
1.0,1.0
1.0,1.0
1.0,1.0
1.0,1.0
1.0,1.0
1.0,1.0
1.0,1.0
1.0,1.0
1.0,1.0
1.0,1.0
1.0,1.0
1.0,1.0
1.0,1.0
1.0,1.0
1.0,1.0
1.0,1.0
1.0,1.0
1.0,1.0
1.0,1.0
1.0,1.0
1.0,1.0
1.0,1.0
1.0,1.0
1.0,1.0
1.0,1.0
1.0,1.0
1.0,1.0
1.0,1.0
1.0,1.0
1.0,1.0
1.0,1.0
1.0,1.0
1.0,1.0
1.0,1.0
1.0,1.0
1.0,1.0
1.0,1.0
1.0,1.0
1.0,1.0
1.0,1.0
1.0,1.0
1.0,1.0
1.0,1.0
1.0,1.0
1.0,1.0
1.0,1.0
1.0,1.0
1.0,1.0
1.0,1.0
1.0,1.0
1.0,1.0
1.0,1.0
1.0,1.0
1.0,1.0
1.0,1.0
1.0,1.0
1.0,1.0
1.0,1.0
1.0,1.0
1.0,1.0
1.0,1.0
1.0,1.0
1.0,1.0
1.0,1.0
1.0,1.0
1.0,1.0
1.0,1.0
1.0,1.0
1.0,1.0
1.0,1.0
1.0,1.0
1.0,1.0
1.0,1.0
1.0,1.0
1.0,1.0
1.0,1.0
1.0,1.0
1.0,1.0
1.0,1.0
1.0,1.0
1.0,1.0
1.0,1.0
1.0,1.0
1.0,1.0
1.0,1.0
1.0,1.0
1.0,1.0
1.0,1.0
1.0,1.0
1.0,1.0
1.0,1.0
1.0,1.0
1.0,1.0
1.0,1.0
1.0,1.0
1.0,1.0
1.0,1.0
1.0,1.0
1.0,1.0
1.0,1.0
1.0,1.0
1.0,1.0
1.0,1.0
1.0,1.0
1.0,1.0
1.0,1.0
1.0,1.0
1.0,1.0
1.0,1.0
1.0,1.0
1.0,1.0
1.0,1.0
1.0,1.0
1.0,1.0
1.0,1.0
1.0,1.0
1.0,1.0
1.0,1.0
1.0,1.0
1.0,1.0
1.0,1.0
1.0,1.0
1.0,1.0
1.0,1.0
1.0,1.0
1.0,1.0
1.0,1.0
1.0,1.0
1.0,1.0
1.0,1.0
1.0,1.0
1.0,1.0
1.0,1.0
1.0,1.0
1.0,1.0
1.0,1.0
1.0,1.0
1.0,1.0
1.0,1.0
1.0,1.0
1.0,1.0
1.0,1.0
1.0,1.0
1.0,1.0
1.0,1.0
1.0,1.0
1.0,1.0
1.0,1.0
1.0,1.0
1.0,1.0
1.0,1.0
1.0,1.0
1.0,1.0
1.0,1.0
1.0,1.0
1.0,1.0
1.0,1.0
1.0,1.0
1.0,1.0
1.0,1.0
1.0,1.0
1.0,1.0
1.0,1.0
1.0,1.0
1.0,1.0
1.0,1.0
1.0,1.0
1.0,1.0
1.0,1.0
1.0,1.0
1.0,1.0
1.0,1.0
1.0,1.0
1.0,1.0
1.0,1.0
1.0,1.0
1.0,1.0
1.0,1.0
1.0,1.0
1.0,1.0
1.0,1.0
1.0,1.0
1.0,1.0
1.0,1.0
1.0,1.0
1.0,1.0
1.0,1.0
1.0,1.0
1.0,1.0
1.0,1.0
1.0,1.0
1.0,1.0
1.0,1.0
1.0,1.0
1.0,1.0
1.0,1.0
1.0,1.0
1.0,1.0
1.0,1.0
1.0,1.0
1.0,1.0
1.0,1.0
1.0,1.0
1.0,1.0
1.0,1.0
1.0,1.0
1.0,1.0
1.0,1.0
1.0,1.0
1.0,1.0
1.0,1.0
1.0,1.0
1.0,1.0
1.0,1.0
1.0,1.0
1.0,1.0
1.0,1.0
1.0,1.0
1.0,1.0
1.0,1.0
1.0,1.0
1.0,1.0
1.0,1.0
1.0,1.0
1.0,1.0
1.0,1.0
1.0,1.0
1.0,1.0
1.0,1.0
1.0,1.0
1.0,1.0
1.0,1.0
1.0,1.0
1.0,1.0
1.0,1.0
1.0,1.0
1.0,1.0
1.0,1.0
1.0,1.0
1.0,1.0
1.0,1.0
1.0,1.0
1.0,1.0
1.0,1.0
1.0,1.0
1.0,1.0
1.0,1.0
1.0,1.0
1.0,1.0
1.0,1.0
1.0,1.0
1.0,1.0
1.0,1.0
1.0,1.0
1.0,1.0
1.0,1.0
1.0,1.0
1.0,1.0
1.0,1.0
1.0,1.0
1.0,1.0
1.0,1.0
1.0,1.0
1.0,1.0
1.0,1.0
1.0,1.0
1.0,1.0
1.0,1.0
1.0,1.0
1.0,1.0
1.0,1.0
1.0,1.0
1.0,1.0
1.0,1.0
1.0,1.0
1.0,1.0
1.0,1.0
1.0,1.0
1.0,1.0
1.0,1.0
1.0,1.0
1.0,1.0
1.0,1.0
1.0,1.0
1.0,1.0
1.0,1.0
1.0,1.0
1.0,1.0
1.0,1.0
1.0,1.0
1.0,1.0
1.0,1.0
1.0,1.0
1.0,1.0
1.0,1.0
1.0,1.0
1.0,1.0
1.0,1.0
1.0,1.0
1.0,1.0
1.0,1.0
1.0,1.0
1.0,1.0
1.0,1.0
1.0,1.0
1.0,1.0
1.0,1.0
1.0,1.0
1.0,1.0
1.0,1.0
1.0,1.0
1.0,1.0
1.0,1.0
1.0,1.0
1.0,1.0
1.0,1.0
1.0,1.0
1.0,1.0
1.0,1.0
1.0,1.0
1.0,1.0
1.0,1.0
1.0,1.0
1.0,1.0
1.0,1.0
1.0,1.0
1.0,1.0
1.0,1.0
1.0,1.0
1.0,1.0
1.0,1.0
1.0,1.0
1.0,1.0
1.0,1.0
1.0,1.0
1.0,1.0
1.0,1.0
1.0,1.0
1.0,1.0
1.0,1.0
1.0,1.0
1.0,1.0
1.0,1.0
1.0,1.0
1.0,1.0
1.0,1.0
1.0,1.0
1.0,1.0
1.0,1.0
1.0,1.0
1.0,1.0
1.0,1.0
1.0,1.0
1.0,1.0
1.0,1.0
1.0,1.0
1.0,1.0
1.0,1.0
1.0,1.0
1.0,1.0
1.0,1.0
1.0,1.0
1.0,1.0
1.0,1.0
1.0,1.0
1.0,1.0
1.0,1.0
1.0,1.0
1.0,1.0
1.0,1.0
1.0,1.0
1.0,1.0
1.0,1.0
1.0,1.0
1.0,1.0
1.0,1.0
1.0,1.0
1.0,1.0
1.0,1.0
1.0,1.0
1.0,1.0
1.0,1.0
1.0,1.0
1.0,1.0
1.0,1.0
1.0,1.0
1.0,1.0
1.0,1.0
1.0,1.0
1.0,1.0
1.0,1.0
1.0,1.0
1.0,1.0
1.0,1.0
1.0,1.0
1.0,1.0
1.0,1.0
1.0,1.0
1.0,1.0
1.0,1.0
1.0,1.0
1.0,1.0
1.0,1.0
1.0,1.0
1.0,1.0
1.0,1.0
1.0,1.0
1.0,1.0
1.0,1.0
1.0,1.0
1.0,1.0
1.0,1.0
1.0,1.0
1.0,1.0
1.0,1.0
1.0,1.0
1.0,1.0
1.0,1.0
1.0,1.0
1.0,1.0
1.0,1.0
1.0,1.0
1.0,1.0
1.0,1.0
1.0,1.0
1.0,1.0
1.0,1.0
1.0,1.0
1.0,1.0
1.0,1.0
1.0,1.0
1.0,1.0
1.0,1.0
1.0,1.0
1.0,1.0
1.0,1.0
1.0,1.0
1.0,1.0
1.0,1.0
1.0,1.0
1.0,1.0
1.0,1.0
1.0,1.0
1.0,1.0
1.0,1.0
1.0,1.0
1.0,1.0
1.0,1.0
1.0,1.0
1.0,1.0
1.0,1.0
1.0,1.0
1.0,1.0
1.0,1.0
1.0,1.0
1.0,1.0
1.0,1.0
1.0,1.0
1.0,1.0
1.0,1.0
1.0,1.0
1.0,1.0
1.0,1.0
1.0,1.0
1.0,1.0
1.0,1.0
1.0,1.0
1.0,1.0
1.0,1.0
1.0,1.0
1.0,1.0
1.0,1.0
1.0,1.0
1.0,1.0
1.0,1.0
1.0,1.0
1.0,1.0
1.0,1.0
1.0,1.0
1.0,1.0
1.0,1.0
1.0,1.0
1.0,1.0
1.0,1.0
1.0,1.0
1.0,1.0
1.0,1.0
1.0,1.0
1.0,1.0
1.0,1.0
1.0,1.0
1.0,1.0
1.0,1.0
1.0,1.0
1.0,1.0
1.0,1.0
1.0,1.0
1.0,1.0
1.0,1.0
1.0,1.0
1.0,1.0
1.0,1.0
1.0,1.0
1.0,1.0
1.0,1.0
1.0,1.0
1.0,1.0
1.0,1.0
1.0,1.0
1.0,1.0
1.0,1.0
1.0,1.0
1.0,1.0
1.0,1.0
1.0,1.0
1.0,1.0
1.0,1.0
1.0,1.0
1.0,1.0
1.0,1.0
1.0,1.0
1.0,1.0
1.0,1.0
1.0,1.0
1.0,1.0
1.0,1.0
1.0,1.0
1.0,1.0
1.0,1.0
1.0,1.0
1.0,1.0
1.0,1.0
1.0,1.0
1.0,1.0
1.0,1.0
1.0,1.0
1.0,1.0
1.0,1.0
1.0,1.0
1.0,1.0
1.0,1.0
1.0,1.0
1.0,1.0
1.0,1.0
1.0,1.0
1.0,1.0
1.0,1.0
1.0,1.0
1.0,1.0
1.0,1.0
1.0,1.0
1.0,1.0
1.0,1.0
1.0,1.0
1.0,1.0
1.0,1.0
1.0,1.0
1.0,1.0
1.0,1.0
1.0,1.0
1.0,1.0
1.0,1.0
1.0,1.0
1.0,1.0
1.0,1.0
1.0,1.0
1.0,1.0
1.0,1.0
1.0,1.0
1.0,1.0
1.0,1.0
1.0,1.0
1.0,1.0
1.0,1.0
1.0,1.0
1.0,1.0
1.0,1.0
1.0,1.0
1.0,1.0
1.0,1.0
1.0,1.0
1.0,1.0
1.0,1.0
1.0,1.0
1.0,1.0
1.0,1.0
1.0,1.0
1.0,1.0
1.0,1.0
1.0,1.0
1.0,1.0
1.0,1.0
1.0,1.0
1.0,1.0
1.0,1.0
1.0,1.0
1.0,1.0
1.0,1.0
1.0,1.0
1.0,1.0
1.0,1.0
1.0,1.0
1.0,1.0
1.0,1.0
1.0,1.0
1.0,1.0
1.0,1.0
1.0,1.0
1.0,1.0
1.0,1.0
1.0,1.0
1.0,1.0
1.0,1.0
1.0,1.0
1.0,1.0
1.0,1.0
1.0,1.0
1.0,1.0
1.0,1.0
1.0,1.0
1.0,1.0
1.0,1.0
1.0,1.0
1.0,1.0
1.0,1.0
1.0,1.0
1.0,1.0
1.0,1.0
1.0,1.0
1.0,1.0
1.0,1.0
1.0,1.0
1.0,1.0
1.0,1.0
1.0,1.0
1.0,1.0
1.0,1.0
1.0,1.0
1.0,1.0
1.0,1.0
1.0,1.0
1.0,1.0
1.0,1.0
1.0,1.0
1.0,1.0
1.0,1.0
1.0,1.0
1.0,1.0
1.0,1.0
1.0,1.0
1.0,1.0
1.0,1.0
1.0,1.0
1.0,1.0
1.0,1.0
1.0,1.0
1.0,1.0
1.0,1.0
1.0,1.0
1.0,1.0
1.0,1.0
1.0,1.0
1.0,1.0
1.0,1.0
1.0,1.0
1.0,1.0
1.0,1.0
1.0,1.0
1.0,1.0
1.0,1.0
1.0,1.0
1.0,1.0
1.0,1.0
1.0,1.0
1.0,1.0
1.0,1.0
1.0,1.0
1.0,1.0
1.0,1.0
1.0,1.0
1.0,1.0
1.0,1.0
1.0,1.0
1.0,1.0
1.0,1.0
1.0,1.0
1.0,1.0
1.0,1.0
1.0,1.0
1.0,1.0
1.0,1.0
1.0,1.0
1.0,1.0
1.0,1.0
1.0,1.0
1.0,1.0
1.0,1.0
1.0,1.0
1.0,1.0
1.0,1.0
1.0,1.0
1.0,1.0
1.0,1.0
1.0,1.0
1.0,1.0
1.0,1.0
1.0,1.0
1.0,1.0
1.0,1.0
1.0,1.0
1.0,1.0
1.0,1.0
1.0,1.0
1.0,1.0
1.0,1.0
1.0,1.0
1.0,1.0
1.0,1.0
1.0,1.0
1.0,1.0
1.0,1.0
1.0,1.0
1.0,1.0
1.0,1.0
1.0,1.0
1.0,1.0
1.0,1.0
1.0,1.0
1.0,1.0
1.0,1.0
1.0,1.0
1.0,1.0
1.0,1.0
1.0,1.0
1.0,1.0
1.0,1.0
1.0,1.0
1.0,1.0
1.0,1.0
1.0,1.0
1.0,1.0
1.0,1.0
1.0,1.0
1.0,1.0
1.0,1.0
1.0,1.0
1.0,1.0
1.0,1.0
1.0,1.0
1.0,1.0
1.0,1.0
1.0,1.0
1.0,1.0
1.0,1.0
1.0,1.0
1.0,1.0
1.0,1.0
1.0,1.0
1.0,1.0
1.0,1.0
1.0,1.0
1.0,1.0
1.0,1.0
1.0,1.0
1.0,1.0
1.0,1.0
1.0,1.0
1.0,1.0
1.0,1.0
1.0,1.0
1.0,1.0
1.0,1.0
1.0,1.0
1.0,1.0
1.0,1.0
1.0,1.0
1.0,1.0
1.0,1.0
1.0,1.0
1.0,1.0
1.0,1.0
1.0,1.0
1.0,1.0
1.0,1.0
1.0,1.0
1.0,1.0
1.0,1.0
1.0,1.0
1.0,1.0
1.0,1.0
1.0,1.0
1.0,1.0
1.0,1.0
1.0,1.0
1.0,1.0
1.0,1.0
1.0,1.0
1.0,1.0
1.0,1.0
1.0,1.0
1.0,1.0
1.0,1.0
1.0,1.0
1.0,1.0
1.0,1.0
1.0,1.0
1.0,1.0
1.0,1.0
1.0,1.0
1.0,1.0
1.0,1.0
1.0,1.0
1.0,1.0
1.0,1.0
1.0,1.0
1.0,1.0
1.0,1.0
1.0,1.0
1.0,1.0
1.0,1.0
1.0,1.0
1.0,1.0
1.0,1.0
1.0,1.0
1.0,1.0
1.0,1.0
1.0,1.0
1.0,1.0
1.0,1.0
1.0,1.0
1.0,1.0
1.0,1.0
1.0,1.0
1.0,1.0
1.0,1.0
1.0,1.0
1.0,1.0
1.0,1.0
1.0,1.0
1.0,1.0
1.0,1.0
1.0,1.0
1.0,1.0
1.0,1.0
1.0,1.0
1.0,1.0
1.0,1.0
1.0,1.0
1.0,1.0
1.0,1.0
1.0,1.0
1.0,1.0
1.0,1.0
1.0,1.0
1.0,1.0
1.0,1.0
1.0,1.0
1.0,1.0
1.0,1.0
1.0,1.0
1.0,1.0
1.0,1.0
1.0,1.0
1.0,1.0
1.0,1.0
1.0,1.0
1.0,1.0
1.0,1.0
1.0,1.0
1.0,1.0
1.0,1.0
1.0,1.0
1.0,1.0
1.0,1.0
1.0,1.0
1.0,1.0
1.0,1.0
1.0,1.0
1.0,1.0
1.0,1.0
1.0,1.0
1.0,1.0
1.0,1.0
1.0,1.0
1.0,1.0
1.0,1.0
1.0,1.0
1.0,1.0
1.0,1.0
1.0,1.0
1.0,1.0
1.0,1.0
1.0,1.0
1.0,1.0
1.0,1.0
1.0,1.0
1.0,1.0
1.0,1.0
1.0,1.0
1.0,1.0
1.0,1.0
1.0,1.0
1.0,1.0
1.0,1.0
1.0,1.0
1.0,1.0
1.0,1.0
1.0,1.0
1.0,1.0
1.0,1.0
1.0,1.0
1.0,1.0
1.0,1.0
1.0,1.0
1.0,1.0
1.0,1.0
1.0,1.0
1.0,1.0
1.0,1.0
1.0,1.0
1.0,1.0
1.0,1.0
1.0,1.0
1.0,1.0
1.0,1.0
1.0,1.0
1.0,1.0
1.0,1.0
1.0,1.0
1.0,1.0
1.0,1.0
1.0,1.0
1.0,1.0
1.0,1.0
1.0,1.0
1.0,1.0
1.0,1.0
1.0,1.0
1.0,1.0
1.0,1.0
1.0,1.0
1.0,1.0
1.0,1.0
1.0,1.0
1.0,1.0
1.0,1.0
1.0,1.0
1.0,1.0
1.0,1.0
1.0,1.0
1.0,1.0
1.0,1.0
1.0,1.0
1.0,1.0
1.0,1.0
1.0,1.0
1.0,1.0
1.0,1.0
1.0,1.0
1.0,1.0
1.0,1.0
1.0,1.0
1.0,1.0
1.0,1.0
1.0,1.0
1.0,1.0
1.0,1.0
1.0,1.0
1.0,1.0
1.0,1.0
1.0,1.0
1.0,1.0
1.0,1.0
1.0,1.0
1.0,1.0
1.0,1.0
1.0,1.0
1.0,1.0
1.0,1.0
1.0,1.0
1.0,1.0
1.0,1.0
1.0,1.0
1.0,1.0
1.0,1.0
1.0,1.0
1.0,1.0
1.0,1.0
1.0,1.0
1.0,1.0
1.0,1.0
1.0,1.0
1.0,1.0
1.0,1.0
1.0,1.0
1.0,1.0
1.0,1.0
1.0,1.0
1.0,1.0
1.0,1.0
1.0,1.0
1.0,1.0
1.0,1.0
1.0,1.0
1.0,1.0
1.0,1.0
1.0,1.0
1.0,1.0
1.0,1.0
1.0,1.0
1.0,1.0
1.0,1.0
1.0,1.0
1.0,1.0
1.0,1.0
1.0,1.0
1.0,1.0
1.0,1.0
1.0,1.0
1.0,1.0
1.0,1.0
1.0,1.0
1.0,1.0
1.0,1.0
1.0,1.0
1.0,1.0
1.0,1.0
1.0,1.0
1.0,1.0
1.0,1.0
1.0,1.0
1.0,1.0
1.0,1.0
1.0,1.0
1.0,1.0
1.0,1.0
1.0,1.0
1.0,1.0
1.0,1.0
1.0,1.0
1.0,1.0
1.0,1.0
1.0,1.0
1.0,1.0
1.0,1.0
1.0,1.0
1.0,1.0
1.0,1.0
1.0,1.0
1.0,1.0
1.0,1.0
1.0,1.0
1.0,1.0
1.0,1.0
1.0,1.0
1.0,1.0
1.0,1.0
1.0,1.0
1.0,1.0
1.0,1.0
1.0,1.0
1.0,1.0
1.0,1.0
1.0,1.0
1.0,1.0
1.0,1.0
1.0,1.0
1.0,1.0
1.0,1.0
1.0,1.0
1.0,1.0
1.0,1.0
1.0,1.0
1.0,1.0
1.0,1.0
1.0,1.0
1.0,1.0
1.0,1.0
1.0,1.0
1.0,1.0
1.0,1.0
1.0,1.0
1.0,1.0
1.0,1.0
1.0,1.0
1.0,1.0
1.0,1.0
1.0,1.0
1.0,1.0
1.0,1.0
1.0,1.0
1.0,1.0
1.0,1.0
1.0,1.0
1.0,1.0
1.0,1.0
1.0,1.0
1.0,1.0
1.0,1.0
1.0,1.0
1.0,1.0
1.0,1.0
1.0,1.0
1.0,1.0
1.0,1.0
1.0,1.0
1.0,1.0
1.0,1.0
1.0,1.0
1.0,1.0
1.0,1.0
1.0,1.0
1.0,1.0
1.0,1.0
1.0,1.0
1.0,1.0
1.0,1.0
1.0,1.0
1.0,1.0
1.0,1.0
1.0,1.0
1.0,1.0
1.0,1.0
1.0,1.0
1.0,1.0
1.0,1.0
1.0,1.0
1.0,1.0
1.0,1.0
1.0,1.0
1.0,1.0
1.0,1.0
1.0,1.0
1.0,1.0
1.0,1.0
1.0,1.0
1.0,1.0
1.0,1.0
1.0,1.0
1.0,1.0
1.0,1.0
1.0,1.0
1.0,1.0
1.0,1.0
1.0,1.0
1.0,1.0
1.0,1.0
1.0,1.0
1.0,1.0
1.0,1.0
1.0,1.0
1.0,1.0
1.0,1.0
1.0,1.0
1.0,1.0
1.0,1.0
1.0,1.0
1.0,1.0
1.0,1.0
1.0,1.0
1.0,1.0
1.0,1.0
1.0,1.0
1.0,1.0
1.0,1.0
1.0,1.0
1.0,1.0
1.0,1.0
1.0,1.0
1.0,1.0
1.0,1.0
1.0,1.0
1.0,1.0
1.0,1.0
1.0,1.0
1.0,1.0
1.0,1.0
1.0,1.0
1.0,1.0
1.0,1.0
1.0,1.0
1.0,1.0
1.0,1.0
1.0,1.0
1.0,1.0
1.0,1.0
1.0,1.0
1.0,1.0
1.0,1.0
1.0,1.0
1.0,1.0
1.0,1.0
1.0,1.0
1.0,1.0
1.0,1.0
1.0,1.0
1.0,1.0
1.0,1.0
1.0,1.0
1.0,1.0
1.0,1.0
1.0,1.0
1.0,1.0
1.0,1.0
1.0,1.0
1.0,1.0
1.0,1.0
1.0,1.0
1.0,1.0
1.0,1.0
1.0,1.0
1.0,1.0
1.0,1.0
1.0,1.0
1.0,1.0
1.0,1.0
1.0,1.0
1.0,1.0
1.0,1.0
1.0,1.0
1.0,1.0
1.0,1.0
1.0,1.0
1.0,1.0
1.0,1.0
1.0,1.0
1.0,1.0
1.0,1.0
1.0,1.0
1.0,1.0
1.0,1.0
1.0,1.0
1.0,1.0
1.0,1.0
1.0,1.0
1.0,1.0
1.0,1.0
1.0,1.0
1.0,1.0
1.0,1.0
1.0,1.0
1.0,1.0
1.0,1.0
1.0,1.0
1.0,1.0
1.0,1.0
1.0,1.0
1.0,1.0
1.0,1.0
1.0,1.0
1.0,1.0
1.0,1.0
1.0,1.0
1.0,1.0
1.0,1.0
1.0,1.0
1.0,1.0
1.0,1.0
1.0,1.0
1.0,1.0
1.0,1.0
1.0,1.0
1.0,1.0
1.0,1.0
1.0,1.0
1.0,1.0
1.0,1.0
1.0,1.0
1.0,1.0
1.0,1.0
1.0,1.0
1.0,1.0
1.0,1.0
1.0,1.0
1.0,1.0
1.0,1.0
1.0,1.0
1.0,1.0
1.0,1.0
1.0,1.0
1.0,1.0
1.0,1.0
1.0,1.0
1.0,1.0
1.0,1.0
1.0,1.0
1.0,1.0
1.0,1.0
1.0,1.0
1.0,1.0
1.0,1.0
1.0,1.0
1.0,1.0
1.0,1.0
1.0,1.0
1.0,1.0
1.0,1.0
1.0,1.0
1.0,1.0
1.0,1.0
1.0,1.0
1.0,1.0
1.0,1.0
1.0,1.0
1.0,1.0
1.0,1.0
1.0,1.0
1.0,1.0
1.0,1.0
1.0,1.0
1.0,1.0
1.0,1.0
1.0,1.0
1.0,1.0
1.0,1.0
1.0,1.0
1.0,1.0
1.0,1.0
1.0,1.0
1.0,1.0
1.0,1.0
1.0,1.0
1.0,1.0
1.0,1.0
1.0,1.0
1.0,1.0
1.0,1.0
1.0,1.0
1.0,1.0
1.0,1.0
1.0,1.0
1.0,1.0
1.0,1.0
1.0,1.0
1.0,1.0
1.0,1.0
1.0,1.0
1.0,1.0
1.0,1.0
1.0,1.0
1.0,1.0
1.0,1.0
1.0,1.0
1.0,1.0
1.0,1.0
1.0,1.0
1.0,1.0
1.0,1.0
1.0,1.0
1.0,1.0
1.0,1.0
1.0,1.0
1.0,1.0
1.0,1.0
1.0,1.0
1.0,1.0
1.0,1.0
1.0,1.0
1.0,1.0
1.0,1.0
1.0,1.0
1.0,1.0
1.0,1.0
1.0,1.0
1.0,1.0
1.0,1.0
1.0,1.0
1.0,1.0
1.0,1.0
1.0,1.0
1.0,1.0
1.0,1.0
1.0,1.0
1.0,1.0
1.0,1.0
1.0,1.0
1.0,1.0
1.0,1.0
1.0,1.0
1.0,1.0
1.0,1.0
1.0,1.0
1.0,1.0
1.0,1.0
1.0,1.0
1.0,1.0
1.0,1.0
1.0,1.0
1.0,1.0
1.0,1.0
1.0,1.0
1.0,1.0
1.0,1.0
1.0,1.0
1.0,1.0
1.0,1.0
1.0,1.0
1.0,1.0
1.0,1.0
1.0,1.0
1.0,1.0
1.0,1.0
1.0,1.0
1.0,1.0
1.0,1.0
1.0,1.0
1.0,1.0
1.0,1.0
1.0,1.0
1.0,1.0
1.0,1.0
1.0,1.0
1.0,1.0
1.0,1.0
1.0,1.0
1.0,1.0
1.0,1.0
1.0,1.0
1.0,1.0
1.0,1.0
1.0,1.0
1.0,1.0
1.0,1.0
1.0,1.0
1.0,1.0
1.0,1.0
1.0,1.0
1.0,1.0
1.0,1.0
1.0,1.0
1.0,1.0
1.0,1.0
1.0,1.0
1.0,1.0
1.0,1.0
1.0,1.0
1.0,1.0
1.0,1.0
1.0,1.0
1.0,1.0
1.0,1.0
1.0,1.0
1.0,1.0
1.0,1.0
1.0,1.0
1.0,1.0
1.0,1.0
1.0,1.0
1.0,1.0
1.0,1.0
1.0,1.0
1.0,1.0
1.0,1.0
1.0,1.0
1.0,1.0
1.0,1.0
1.0,1.0
1.0,1.0
1.0,1.0
1.0,1.0
1.0,1.0
1.0,1.0
1.0,1.0
1.0,1.0
1.0,1.0
1.0,1.0
1.0,1.0
1.0,1.0
1.0,1.0
1.0,1.0
1.0,1.0
1.0,1.0
1.0,1.0
1.0,1.0
1.0,1.0
1.0,1.0
1.0,1.0
1.0,1.0
1.0,1.0
1.0,1.0
1.0,1.0
1.0,1.0
1.0,1.0
1.0,1.0
1.0,1.0
1.0,1.0
1.0,1.0
1.0,1.0
1.0,1.0
1.0,1.0
1.0,1.0
1.0,1.0
1.0,1.0
1.0,1.0
1.0,1.0
1.0,1.0
1.0,1.0
1.0,1.0
1.0,1.0
1.0,1.0
1.0,1.0
1.0,1.0
1.0,1.0
1.0,1.0
1.0,1.0
1.0,1.0
1.0,1.0
1.0,1.0
1.0,1.0
1.0,1.0
1.0,1.0
1.0,1.0
1.0,1.0
1.0,1.0
1.0,1.0
1.0,1.0
1.0,1.0
1.0,1.0
1.0,1.0
1.0,1.0
1.0,1.0
1.0,1.0
1.0,1.0
1.0,1.0
1.0,1.0
1.0,1.0
1.0,1.0
1.0,1.0
1.0,1.0
1.0,1.0
1.0,1.0
1.0,1.0
1.0,1.0
1.0,1.0
1.0,1.0
1.0,1.0
1.0,1.0
1.0,1.0
1.0,1.0
1.0,1.0
1.0,1.0
1.0,1.0
1.0,1.0
1.0,1.0
1.0,1.0
1.0,1.0
1.0,1.0
1.0,1.0
1.0,1.0
1.0,1.0
1.0,1.0
1.0,1.0
1.0,1.0
1.0,1.0
1.0,1.0
1.0,1.0
1.0,1.0
1.0,1.0
1.0,1.0
1.0,1.0
1.0,1.0
1.0,1.0
1.0,1.0
1.0,1.0
1.0,1.0
1.0,1.0
1.0,1.0
1.0,1.0
1.0,1.0
1.0,1.0
1.0,1.0
1.0,1.0
1.0,1.0
1.0,1.0
1.0,1.0
1.0,1.0
1.0,1.0
1.0,1.0
1.0,1.0
1.0,1.0
1.0,1.0
1.0,1.0
1.0,1.0
1.0,1.0
1.0,1.0
1.0,1.0
1.0,1.0
1.0,1.0
1.0,1.0
1.0,1.0
1.0,1.0
1.0,1.0
1.0,1.0
1.0,1.0
1.0,1.0
1.0,1.0
1.0,1.0
1.0,1.0
1.0,1.0
1.0,1.0
1.0,1.0
1.0,1.0
1.0,1.0
1.0,1.0
1.0,1.0
1.0,1.0
1.0,1.0
1.0,1.0
1.0,1.0
1.0,1.0
1.0,1.0
1.0,1.0
1.0,1.0
1.0,1.0
1.0,1.0
1.0,1.0
1.0,1.0
1.0,1.0
1.0,1.0
1.0,1.0
1.0,1.0
1.0,1.0
1.0,1.0
1.0,1.0
1.0,1.0
1.0,1.0
1.0,1.0
1.0,1.0
1.0,1.0
1.0,1.0
1.0,1.0
1.0,1.0
1.0,1.0
1.0,1.0
1.0,1.0
1.0,1.0
1.0,1.0
1.0,1.0
1.0,1.0
1.0,1.0
1.0,1.0
1.0,1.0
1.0,1.0
1.0,1.0
1.0,1.0
1.0,1.0
1.0,1.0
1.0,1.0
1.0,1.0
1.0,1.0
1.0,1.0
1.0,1.0
1.0,1.0
1.0,1.0
1.0,1.0
1.0,1.0
1.0,1.0
1.0,1.0
1.0,1.0
1.0,1.0
1.0,1.0
1.0,1.0
1.0,1.0
1.0,1.0
1.0,1.0
1.0,1.0
1.0,1.0
1.0,1.0
1.0,1.0
1.0,1.0
1.0,1.0
1.0,1.0
1.0,1.0
1.0,1.0
1.0,1.0
1.0,1.0
1.0,1.0
1.0,1.0
1.0,1.0
1.0,1.0
1.0,1.0
1.0,1.0
1.0,1.0
1.0,1.0
1.0,1.0
1.0,1.0
1.0,1.0
1.0,1.0
1.0,1.0
1.0,1.0
1.0,1.0
1.0,1.0
1.0,1.0
1.0,1.0
1.0,1.0
1.0,1.0
1.0,1.0
1.0,1.0
1.0,1.0
1.0,1.0
1.0,1.0
1.0,1.0
1.0,1.0
1.0,1.0
1.0,1.0
1.0,1.0
1.0,1.0
1.0,1.0
1.0,1.0
1.0,1.0
1.0,1.0
1.0,1.0
1.0,1.0
1.0,1.0
1.0,1.0
1.0,1.0
1.0,1.0
1.0,1.0
1.0,1.0
1.0,1.0
1.0,1.0
1.0,1.0
1.0,1.0
1.0,1.0
1.0,1.0
1.0,1.0
1.0,1.0
1.0,1.0
1.0,1.0
1.0,1.0
1.0,1.0
1.0,1.0
1.0,1.0
1.0,1.0
1.0,1.0
1.0,1.0
1.0,1.0
1.0,1.0
1.0,1.0
1.0,1.0
1.0,1.0
1.0,1.0
1.0,1.0
1.0,1.0
1.0,1.0
1.0,1.0
1.0,1.0
1.0,1.0
1.0,1.0
1.0,1.0
1.0,1.0
1.0,1.0
1.0,1.0
1.0,1.0
1.0,1.0
1.0,1.0
1.0,1.0
1.0,1.0
1.0,1.0
1.0,1.0
1.0,1.0
1.0,1.0
1.0,1.0
1.0,1.0
1.0,1.0
1.0,1.0
1.0,1.0
1.0,1.0
1.0,1.0
1.0,1.0
1.0,1.0
1.0,1.0
1.0,1.0
1.0,1.0
1.0,1.0
1.0,1.0
1.0,1.0
1.0,1.0
1.0,1.0
1.0,1.0
1.0,1.0
1.0,1.0
1.0,1.0
1.0,1.0
1.0,1.0
1.0,1.0
1.0,1.0
1.0,1.0
1.0,1.0
1.0,1.0
1.0,1.0
1.0,1.0
1.0,1.0
1.0,1.0
1.0,1.0
1.0,1.0
1.0,1.0
1.0,1.0
1.0,1.0
1.0,1.0
1.0,1.0
1.0,1.0
1.0,1.0
1.0,1.0
1.0,1.0
1.0,1.0
1.0,1.0
1.0,1.0
1.0,1.0
1.0,1.0
1.0,1.0
1.0,1.0
1.0,1.0
1.0,1.0
1.0,1.0
1.0,1.0
1.0,1.0
1.0,1.0
1.0,1.0
1.0,1.0
1.0,1.0
1.0,1.0
1.0,1.0
1.0,1.0
1.0,1.0
1.0,1.0
1.0,1.0
1.0,1.0
1.0,1.0
1.0,1.0
1.0,1.0
1.0,1.0
1.0,1.0
1.0,1.0
1.0,1.0
1.0,1.0
1.0,1.0
1.0,1.0
1.0,1.0
1.0,1.0
1.0,1.0
1.0,1.0
1.0,1.0
1.0,1.0
1.0,1.0
1.0,1.0
1.0,1.0
1.0,1.0
1.0,1.0
1.0,1.0
1.0,1.0
1.0,1.0
1.0,1.0
1.0,1.0
1.0,1.0
1.0,1.0
1.0,1.0
1.0,1.0
1.0,1.0
1.0,1.0
1.0,1.0
1.0,1.0
1.0,1.0
1.0,1.0
1.0,1.0
1.0,1.0
1.0,1.0
1.0,1.0
1.0,1.0
1.0,1.0
1.0,1.0
1.0,1.0
1.0,1.0
1.0,1.0
1.0,1.0
1.0,1.0
1.0,1.0
1.0,1.0
1.0,1.0
1.0,1.0
1.0,1.0
1.0,1.0
1.0,1.0
1.0,1.0
1.0,1.0
1.0,1.0
1.0,1.0
1.0,1.0
1.0,1.0
1.0,1.0
1.0,1.0
1.0,1.0
1.0,1.0
1.0,1.0
1.0,1.0
1.0,1.0
1.0,1.0
1.0,1.0
1.0,1.0
1.0,1.0
1.0,1.0
1.0,1.0
1.0,1.0
1.0,1.0
1.0,1.0
1.0,1.0
1.0,1.0
1.0,1.0
1.0,1.0
1.0,1.0
1.0,1.0
1.0,1.0
1.0,1.0
1.0,1.0
1.0,1.0
1.0,1.0
1.0,1.0
1.0,1.0
1.0,1.0
1.0,1.0
1.0,1.0
1.0,1.0
1.0,1.0
1.0,1.0
1.0,1.0
1.0,1.0
1.0,1.0
1.0,1.0
1.0,1.0
1.0,1.0
1.0,1.0
1.0,1.0
1.0,1.0
1.0,1.0
1.0,1.0
1.0,1.0
1.0,1.0
1.0,1.0
1.0,1.0
1.0,1.0
1.0,1.0
1.0,1.0
1.0,1.0
1.0,1.0
1.0,1.0
1.0,1.0
1.0,1.0
1.0,1.0
1.0,1.0
1.0,1.0
1.0,1.0
1.0,1.0
1.0,1.0
1.0,1.0
1.0,1.0
1.0,1.0
1.0,1.0
1.0,1.0
1.0,1.0
1.0,1.0
1.0,1.0
1.0,1.0
1.0,1.0
1.0,1.0
1.0,1.0
1.0,1.0
1.0,1.0
1.0,1.0
1.0,1.0
1.0,1.0
1.0,1.0
1.0,1.0
1.0,1.0
1.0,1.0
1.0,1.0
1.0,1.0
1.0,1.0
1.0,1.0
1.0,1.0
1.0,1.0
1.0,1.0
1.0,1.0
1.0,1.0
1.0,1.0
1.0,1.0
1.0,1.0
1.0,1.0
1.0,1.0
1.0,1.0
1.0,1.0
1.0,1.0
1.0,1.0
1.0,1.0
1.0,1.0
1.0,1.0
1.0,1.0
1.0,1.0
1.0,1.0
1.0,1.0
1.0,1.0
1.0,1.0
1.0,1.0
1.0,1.0
1.0,1.0
1.0,1.0
1.0,1.0
1.0,1.0
1.0,1.0
1.0,1.0
1.0,1.0
1.0,1.0
1.0,1.0
1.0,1.0
1.0,1.0
1.0,1.0
1.0,1.0
1.0,1.0
1.0,1.0
1.0,1.0
1.0,1.0
1.0,1.0
1.0,1.0
1.0,1.0
1.0,1.0
1.0,1.0
1.0,1.0
1.0,1.0
1.0,1.0
1.0,1.0
1.0,1.0
1.0,1.0
1.0,1.0
1.0,1.0
1.0,1.0
1.0,1.0
1.0,1.0
1.0,1.0
1.0,1.0
1.0,1.0
1.0,1.0
1.0,1.0
1.0,1.0
1.0,1.0
1.0,1.0
1.0,1.0
1.0,1.0
1.0,1.0
1.0,1.0
1.0,1.0
1.0,1.0
1.0,1.0
1.0,1.0
1.0,1.0
1.0,1.0
1.0,1.0
1.0,1.0
1.0,1.0
1.0,1.0
1.0,1.0
1.0,1.0
1.0,1.0
1.0,1.0
1.0,1.0
1.0,1.0
1.0,1.0
1.0,1.0
1.0,1.0
1.0,1.0
1.0,1.0
1.0,1.0
1.0,1.0
1.0,1.0
1.0,1.0
1.0,1.0
1.0,1.0
1.0,1.0
1.0,1.0
1.0,1.0
1.0,1.0
1.0,1.0
1.0,1.0
1.0,1.0
1.0,1.0
1.0,1.0
1.0,1.0
1.0,1.0
1.0,1.0
1.0,1.0
1.0,1.0
1.0,1.0
1.0,1.0
1.0,1.0
1.0,1.0
1.0,1.0
1.0,1.0
1.0,1.0
1.0,1.0
1.0,1.0
1.0,1.0
1.0,1.0
1.0,1.0
1.0,1.0
1.0,1.0
1.0,1.0
1.0,1.0
1.0,1.0
1.0,1.0
1.0,1.0
1.0,1.0
1.0,1.0
1.0,1.0
1.0,1.0
1.0,1.0
1.0,1.0
1.0,1.0
1.0,1.0
1.0,1.0
1.0,1.0
1.0,1.0
1.0,1.0
1.0,1.0
1.0,1.0
1.0,1.0
1.0,1.0
1.0,1.0
1.0,1.0
1.0,1.0
1.0,1.0
1.0,1.0
1.0,1.0
1.0,1.0
1.0,1.0
1.0,1.0
1.0,1.0
1.0,1.0
1.0,1.0
1.0,1.0
1.0,1.0
1.0,1.0
1.0,1.0
1.0,1.0
1.0,1.0
1.0,1.0
1.0,1.0
1.0,1.0
1.0,1.0
1.0,1.0
1.0,1.0
1.0,1.0
1.0,1.0
1.0,1.0
1.0,1.0
1.0,1.0
1.0,1.0
1.0,1.0
1.0,1.0
1.0,1.0
1.0,1.0
1.0,1.0
1.0,1.0
1.0,1.0
1.0,1.0
1.0,1.0
1.0,1.0
1.0,1.0
1.0,1.0
1.0,1.0
1.0,1.0
1.0,1.0
1.0,1.0
1.0,1.0
1.0,1.0
1.0,1.0
1.0,1.0
1.0,1.0
1.0,1.0
1.0,1.0
1.0,1.0
1.0,1.0
1.0,1.0
1.0,1.0
1.0,1.0
1.0,1.0
1.0,1.0
1.0,1.0
1.0,1.0
1.0,1.0
1.0,1.0
1.0,1.0
1.0,1.0
1.0,1.0
1.0,1.0
1.0,1.0
1.0,1.0
1.0,1.0
1.0,1.0
1.0,1.0
1.0,1.0
1.0,1.0
1.0,1.0
1.0,1.0
1.0,1.0
1.0,1.0
1.0,1.0
1.0,1.0
1.0,1.0
1.0,1.0
1.0,1.0
1.0,1.0
1.0,1.0
1.0,1.0
1.0,1.0
1.0,1.0
1.0,1.0
1.0,1.0
1.0,1.0
1.0,1.0
1.0,1.0
1.0,1.0
1.0,1.0
1.0,1.0
1.0,1.0
1.0,1.0
1.0,1.0
1.0,1.0
1.0,1.0
1.0,1.0
1.0,1.0
1.0,1.0
1.0,1.0
1.0,1.0
1.0,1.0
1.0,1.0
1.0,1.0
1.0,1.0
1.0,1.0
1.0,1.0
1.0,1.0
1.0,1.0
1.0,1.0
1.0,1.0
1.0,1.0
1.0,1.0
1.0,1.0
1.0,1.0
1.0,1.0
1.0,1.0
1.0,1.0
1.0,1.0
1.0,1.0
1.0,1.0
1.0,1.0
1.0,1.0
1.0,1.0
1.0,1.0
1.0,1.0
1.0,1.0
1.0,1.0
1.0,1.0
1.0,1.0
1.0,1.0
1.0,1.0
1.0,1.0
1.0,1.0
1.0,1.0
1.0,1.0
1.0,1.0
1.0,1.0
1.0,1.0
1.0,1.0
1.0,1.0
1.0,1.0
1.0,1.0
1.0,1.0
1.0,1.0
1.0,1.0
1.0,1.0
1.0,1.0
1.0,1.0
1.0,1.0
1.0,1.0
1.0,1.0
1.0,1.0
1.0,1.0
1.0,1.0
1.0,1.0
1.0,1.0
1.0,1.0
1.0,1.0
1.0,1.0
1.0,1.0
1.0,1.0
1.0,1.0
1.0,1.0
1.0,1.0
1.0,1.0
1.0,1.0
1.0,1.0
1.0,1.0
1.0,1.0
1.0,1.0
1.0,1.0
1.0,1.0
1.0,1.0
1.0,1.0
1.0,1.0
1.0,1.0
1.0,1.0
1.0,1.0
1.0,1.0
1.0,1.0
1.0,1.0
1.0,1.0
1.0,1.0
1.0,1.0
1.0,1.0
1.0,1.0
1.0,1.0
1.0,1.0
1.0,1.0
1.0,1.0
1.0,1.0
1.0,1.0
1.0,1.0
1.0,1.0
1.0,1.0
1.0,1.0
1.0,1.0
1.0,1.0
1.0,1.0
1.0,1.0
1.0,1.0
1.0,1.0
1.0,1.0
1.0,1.0
1.0,1.0
1.0,1.0
1.0,1.0
1.0,1.0
1.0,1.0
1.0,1.0
1.0,1.0
1.0,1.0
1.0,1.0
1.0,1.0
1.0,1.0
1.0,1.0
1.0,1.0
1.0,1.0
1.0,1.0
1.0,1.0
1.0,1.0
1.0,1.0
1.0,1.0
1.0,1.0
1.0,1.0
1.0,1.0
1.0,1.0
1.0,1.0
1.0,1.0
1.0,1.0
1.0,1.0
1.0,1.0
1.0,1.0
1.0,1.0
1.0,1.0
1.0,1.0
1.0,1.0
1.0,1.0
1.0,1.0
1.0,1.0
1.0,1.0
1.0,1.0
1.0,1.0
1.0,1.0
1.0,1.0
1.0,1.0
1.0,1.0
1.0,1.0
1.0,1.0
1.0,1.0
1.0,1.0
1.0,1.0
1.0,1.0
1.0,1.0
1.0,1.0
1.0,1.0
1.0,1.0
1.0,1.0
1.0,1.0
1.0,1.0
1.0,1.0
1.0,1.0
1.0,1.0
1.0,1.0
1.0,1.0
1.0,1.0
1.0,1.0
1.0,1.0
1.0,1.0
1.0,1.0
1.0,1.0
1.0,1.0
1.0,1.0
1.0,1.0
1.0,1.0
1.0,1.0
1.0,1.0
1.0,1.0
1.0,1.0
1.0,1.0
1.0,1.0
1.0,1.0
1.0,1.0
1.0,1.0
1.0,1.0
1.0,1.0
1.0,1.0
1.0,1.0
1.0,1.0
1.0,1.0
1.0,1.0
1.0,1.0
1.0,1.0
1.0,1.0
1.0,1.0
1.0,1.0
1.0,1.0
1.0,1.0
1.0,1.0
1.0,1.0
1.0,1.0
1.0,1.0
1.0,1.0
1.0,1.0
1.0,1.0
1.0,1.0
1.0,1.0
1.0,1.0
1.0,1.0
1.0,1.0
1.0,1.0
1.0,1.0
1.0,1.0
1.0,1.0
1.0,1.0
1.0,1.0
1.0,1.0
1.0,1.0
1.0,1.0
1.0,1.0
1.0,1.0
1.0,1.0
1.0,1.0
1.0,1.0
1.0,1.0
1.0,1.0
1.0,1.0
1.0,1.0
1.0,1.0
1.0,1.0
1.0,1.0
1.0,1.0
1.0,1.0
1.0,1.0
1.0,1.0
1.0,1.0
1.0,1.0
1.0,1.0
1.0,1.0
1.0,1.0
1.0,1.0
1.0,1.0
1.0,1.0
1.0,1.0
1.0,1.0
1.0,1.0
1.0,1.0
1.0,1.0
1.0,1.0
1.0,1.0
1.0,1.0
1.0,1.0
1.0,1.0
1.0,1.0
1.0,1.0
1.0,1.0
1.0,1.0
1.0,1.0
1.0,1.0
1.0,1.0
1.0,1.0
1.0,1.0
1.0,1.0
1.0,1.0
1.0,1.0
1.0,1.0
1.0,1.0
1.0,1.0
1.0,1.0
1.0,1.0
1.0,1.0
1.0,1.0
1.0,1.0
1.0,1.0
1.0,1.0
1.0,1.0
1.0,1.0
1.0,1.0
1.0,1.0
1.0,1.0
1.0,1.0
1.0,1.0
1.0,1.0
1.0,1.0
1.0,1.0
1.0,1.0
1.0,1.0
1.0,1.0
1.0,1.0
1.0,1.0
1.0,1.0
1.0,1.0
1.0,1.0
1.0,1.0
1.0,1.0
1.0,1.0
1.0,1.0
1.0,1.0
1.0,1.0
1.0,1.0
1.0,1.0
1.0,1.0
1.0,1.0
1.0,1.0
1.0,1.0
1.0,1.0
1.0,1.0
1.0,1.0
1.0,1.0
1.0,1.0
1.0,1.0
1.0,1.0
1.0,1.0
1.0,1.0
1.0,1.0
1.0,1.0
1.0,1.0
1.0,1.0
1.0,1.0
1.0,1.0
1.0,1.0
1.0,1.0
1.0,1.0
1.0,1.0
1.0,1.0
1.0,1.0
1.0,1.0
1.0,1.0
1.0,1.0
1.0,1.0
1.0,1.0
1.0,1.0
1.0,1.0
1.0,1.0
1.0,1.0
1.0,1.0
1.0,1.0
1.0,1.0
1.0,1.0
1.0,1.0
1.0,1.0
1.0,1.0
1.0,1.0
1.0,1.0
1.0,1.0
1.0,1.0
1.0,1.0
1.0,1.0
1.0,1.0
1.0,1.0
1.0,1.0
1.0,1.0
1.0,1.0
1.0,1.0
1.0,1.0
1.0,1.0
1.0,1.0
1.0,1.0
1.0,1.0
1.0,1.0
1.0,1.0
1.0,1.0
1.0,1.0
1.0,1.0
1.0,1.0
1.0,1.0
1.0,1.0
1.0,1.0
1.0,1.0
1.0,1.0
1.0,1.0
1.0,1.0
1.0,1.0
1.0,1.0
1.0,1.0
1.0,1.0
1.0,1.0
1.0,1.0
1.0,1.0
1.0,1.0
1.0,1.0
1.0,1.0
1.0,1.0
1.0,1.0
1.0,1.0
1.0,1.0
1.0,1.0
1.0,1.0
1.0,1.0
1.0,1.0
1.0,1.0
1.0,1.0
1.0,1.0
1.0,1.0
1.0,1.0
1.0,1.0
1.0,1.0
1.0,1.0
1.0,1.0
1.0,1.0
1.0,1.0
1.0,1.0
1.0,1.0
1.0,1.0
1.0,1.0
1.0,1.0
1.0,1.0
1.0,1.0
1.0,1.0
1.0,1.0
1.0,1.0
1.0,1.0
1.0,1.0
1.0,1.0
1.0,1.0
1.0,1.0
1.0,1.0
1.0,1.0
1.0,1.0
1.0,1.0
1.0,1.0
1.0,1.0
1.0,1.0
1.0,1.0
1.0,1.0
1.0,1.0
1.0,1.0
1.0,1.0
1.0,1.0
1.0,1.0
1.0,1.0
1.0,1.0
1.0,1.0
1.0,1.0
1.0,1.0
1.0,1.0
1.0,1.0
1.0,1.0
1.0,1.0
1.0,1.0
1.0,1.0
1.0,1.0
1.0,1.0
1.0,1.0
1.0,1.0
1.0,1.0
1.0,1.0
1.0,1.0
1.0,1.0
1.0,1.0
1.0,1.0
1.0,1.0
1.0,1.0
1.0,1.0
1.0,1.0
1.0,1.0
1.0,1.0
1.0,1.0
1.0,1.0
1.0,1.0
1.0,1.0
1.0,1.0
1.0,1.0
1.0,1.0
1.0,1.0
1.0,1.0
1.0,1.0
1.0,1.0
1.0,1.0
1.0,1.0
1.0,1.0
1.0,1.0
1.0,1.0
1.0,1.0
1.0,1.0
1.0,1.0
1.0,1.0
1.0,1.0
1.0,1.0
1.0,1.0
1.0,1.0
1.0,1.0
1.0,1.0
1.0,1.0
1.0,1.0
1.0,1.0
1.0,1.0
1.0,1.0
1.0,1.0
1.0,1.0
1.0,1.0
1.0,1.0
1.0,1.0
1.0,1.0
1.0,1.0
1.0,1.0
1.0,1.0
1.0,1.0
1.0,1.0
1.0,1.0
1.0,1.0
1.0,1.0
1.0,1.0
1.0,1.0
1.0,1.0
1.0,1.0
1.0,1.0
1.0,1.0
1.0,1.0
1.0,1.0
1.0,1.0
1.0,1.0
1.0,1.0
1.0,1.0
1.0,1.0
1.0,1.0
1.0,1.0
1.0,1.0
1.0,1.0
1.0,1.0
1.0,1.0
1.0,1.0
1.0,1.0
1.0,1.0
1.0,1.0
1.0,1.0
1.0,1.0
1.0,1.0
1.0,1.0
1.0,1.0
1.0,1.0
1.0,1.0
1.0,1.0
1.0,1.0
1.0,1.0
1.0,1.0
1.0,1.0
1.0,1.0
1.0,1.0
1.0,1.0
1.0,1.0
1.0,1.0
1.0,1.0
1.0,1.0
1.0,1.0
1.0,1.0
1.0,1.0
1.0,1.0
1.0,1.0
1.0,1.0
1.0,1.0
1.0,1.0
1.0,1.0
1.0,1.0
1.0,1.0
1.0,1.0
1.0,1.0
1.0,1.0
1.0,1.0
1.0,1.0
1.0,1.0
1.0,1.0
1.0,1.0
1.0,1.0
1.0,1.0
1.0,1.0
1.0,1.0
1.0,1.0
1.0,1.0
1.0,1.0
1.0,1.0
1.0,1.0
1.0,1.0
1.0,1.0
1.0,1.0
1.0,1.0
1.0,1.0
1.0,1.0
1.0,1.0
1.0,1.0
1.0,1.0
1.0,1.0
1.0,1.0
1.0,1.0
1.0,1.0
1.0,1.0
1.0,1.0
1.0,1.0
1.0,1.0
1.0,1.0
1.0,1.0
1.0,1.0
1.0,1.0
1.0,1.0
1.0,1.0
1.0,1.0
1.0,1.0
1.0,1.0
1.0,1.0
1.0,1.0
1.0,1.0
1.0,1.0
1.0,1.0
1.0,1.0
1.0,1.0
1.0,1.0
1.0,1.0
1.0,1.0
1.0,1.0
1.0,1.0
1.0,1.0
1.0,1.0
1.0,1.0
1.0,1.0
1.0,1.0
1.0,1.0
1.0,1.0
1.0,1.0
1.0,1.0
1.0,1.0
1.0,1.0
1.0,1.0
1.0,1.0
1.0,1.0
1.0,1.0
1.0,1.0
1.0,1.0
1.0,1.0
1.0,1.0
1.0,1.0
1.0,1.0
1.0,1.0
1.0,1.0
1.0,1.0
1.0,1.0
1.0,1.0
1.0,1.0
1.0,1.0
1.0,1.0
1.0,1.0
1.0,1.0
1.0,1.0
1.0,1.0
1.0,1.0
1.0,1.0
1.0,1.0
1.0,1.0
1.0,1.0
1.0,1.0
1.0,1.0
1.0,1.0
1.0,1.0
1.0,1.0
1.0,1.0
1.0,1.0
1.0,1.0
1.0,1.0
1.0,1.0
1.0,1.0
1.0,1.0
1.0,1.0
1.0,1.0
1.0,1.0
1.0,1.0
1.0,1.0
1.0,1.0
1.0,1.0
1.0,1.0
1.0,1.0
1.0,1.0
1.0,1.0
1.0,1.0
1.0,1.0
1.0,1.0
1.0,1.0
1.0,1.0
1.0,1.0
1.0,1.0
1.0,1.0
1.0,1.0
1.0,1.0
1.0,1.0
1.0,1.0
1.0,1.0
1.0,1.0
1.0,1.0
1.0,1.0
1.0,1.0
1.0,1.0
1.0,1.0
1.0,1.0
1.0,1.0
1.0,1.0
1.0,1.0
1.0,1.0
1.0,1.0
1.0,1.0
1.0,1.0
1.0,1.0
1.0,1.0
1.0,1.0
1.0,1.0
1.0,1.0
1.0,1.0
1.0,1.0
1.0,1.0
1.0,1.0
1.0,1.0
1.0,1.0
1.0,1.0
1.0,1.0
1.0,1.0
1.0,1.0
1.0,1.0
1.0,1.0
1.0,1.0
1.0,1.0
1.0,1.0
1.0,1.0
1.0,1.0
1.0,1.0
1.0,1.0
1.0,1.0
1.0,1.0
1.0,1.0
1.0,1.0
1.0,1.0
1.0,1.0
1.0,1.0
1.0,1.0
1.0,1.0
1.0,1.0
1.0,1.0
1.0,1.0
1.0,1.0
1.0,1.0
1.0,1.0
1.0,1.0
1.0,1.0
1.0,1.0
1.0,1.0
1.0,1.0
1.0,1.0
1.0,1.0
1.0,1.0
1.0,1.0
1.0,1.0
1.0,1.0
1.0,1.0
1.0,1.0
1.0,1.0
1.0,1.0
1.0,1.0
1.0,1.0
1.0,1.0
1.0,1.0
1.0,1.0
1.0,1.0
1.0,1.0
1.0,1.0
1.0,1.0
1.0,1.0
1.0,1.0
1.0,1.0
1.0,1.0
1.0,1.0
1.0,1.0
1.0,1.0
1.0,1.0
1.0,1.0
1.0,1.0
1.0,1.0
1.0,1.0
1.0,1.0
1.0,1.0
1.0,1.0
1.0,1.0
1.0,1.0
1.0,1.0
1.0,1.0
1.0,1.0
1.0,1.0
1.0,1.0
1.0,1.0
1.0,1.0
1.0,1.0
1.0,1.0
1.0,1.0
1.0,1.0
1.0,1.0
1.0,1.0
1.0,1.0
1.0,1.0
1.0,1.0
1.0,1.0
1.0,1.0
1.0,1.0
1.0,1.0
1.0,1.0
1.0,1.0
1.0,1.0
1.0,1.0
1.0,1.0
1.0,1.0
1.0,1.0
1.0,1.0
1.0,1.0
1.0,1.0
1.0,1.0
1.0,1.0
1.0,1.0
1.0,1.0
1.0,1.0
1.0,1.0
1.0,1.0
1.0,1.0
1.0,1.0
1.0,1.0
1.0,1.0
1.0,1.0
1.0,1.0
1.0,1.0
1.0,1.0
1.0,1.0
1.0,1.0
1.0,1.0
1.0,1.0
1.0,1.0
1.0,1.0
1.0,1.0
1.0,1.0
1.0,1.0
1.0,1.0
1.0,1.0
1.0,1.0
1.0,1.0
1.0,1.0
1.0,1.0
1.0,1.0
1.0,1.0
1.0,1.0
1.0,1.0
1.0,1.0
1.0,1.0
1.0,1.0
1.0,1.0
1.0,1.0
1.0,1.0
1.0,1.0
1.0,1.0
1.0,1.0
1.0,1.0
1.0,1.0
1.0,1.0
1.0,1.0
1.0,1.0
1.0,1.0
1.0,1.0
1.0,1.0
1.0,1.0
1.0,1.0
1.0,1.0
1.0,1.0
1.0,1.0
1.0,1.0
1.0,1.0
1.0,1.0
1.0,1.0
1.0,1.0
1.0,1.0
1.0,1.0
1.0,1.0
1.0,1.0
1.0,1.0
1.0,1.0
1.0,1.0
1.0,1.0
1.0,1.0
1.0,1.0
1.0,1.0
1.0,1.0
1.0,1.0
1.0,1.0
1.0,1.0
1.0,1.0
1.0,1.0
1.0,1.0
1.0,1.0
1.0,1.0
1.0,1.0
1.0,1.0
1.0,1.0
1.0,1.0
1.0,1.0
1.0,1.0
1.0,1.0
1.0,1.0
1.0,1.0
1.0,1.0
1.0,1.0
1.0,1.0
1.0,1.0
1.0,1.0
1.0,1.0
1.0,1.0
1.0,1.0
1.0,1.0
1.0,1.0
1.0,1.0
1.0,1.0
1.0,1.0
1.0,1.0
1.0,1.0
1.0,1.0
1.0,1.0
1.0,1.0
1.0,1.0
1.0,1.0
1.0,1.0
1.0,1.0
1.0,1.0
1.0,1.0
1.0,1.0
1.0,1.0
1.0,1.0
1.0,1.0
1.0,1.0
1.0,1.0
1.0,1.0
1.0,1.0
1.0,1.0
1.0,1.0
1.0,1.0
1.0,1.0
1.0,1.0
1.0,1.0
1.0,1.0
1.0,1.0
1.0,1.0
1.0,1.0
1.0,1.0
1.0,1.0
1.0,1.0
1.0,1.0
1.0,1.0
1.0,1.0
1.0,1.0
1.0,1.0
1.0,1.0
1.0,1.0
1.0,1.0
1.0,1.0
1.0,1.0
1.0,1.0
1.0,1.0
1.0,1.0
1.0,1.0
1.0,1.0
1.0,1.0
1.0,1.0
1.0,1.0
1.0,1.0
1.0,1.0
1.0,1.0
1.0,1.0
1.0,1.0
1.0,1.0
1.0,1.0
1.0,1.0
1.0,1.0
1.0,1.0
1.0,1.0
1.0,1.0
1.0,1.0
1.0,1.0
1.0,1.0
1.0,1.0
1.0,1.0
1.0,1.0
1.0,1.0
1.0,1.0
1.0,1.0
1.0,1.0
1.0,1.0
