0.0,0.0
0.0,0.0
0.0,0.0
0.0,0.0
0.0,0.0
0.0,0.0
0.0,0.0
0.0003333333333333334,0.0
0.0006666666666666668,0.0
0.0006666666666666668,0.0
0.0006666666666666668,0.0
0.001,0.0
0.0013333333333333335,0.0
0.0016666666666666666,0.0
0.002666666666666667,0.0
0.003,0.0
0.005333333333333334,0.0
0.005333333333333334,0.0
0.006,0.0
0.006999999999999999,0.0
0.007333333333333333,0.0
0.008333333333333333,0.0
0.009999999999999998,0.0
0.011333333333333334,0.0
0.012666666666666665,0.0
0.014333333333333333,0.0
0.016000000000000004,0.0
0.01766666666666667,0.0
0.021333333333333333,0.0
0.023666666666666666,0.0
0.02633333333333333,0.0
0.028666666666666667,0.0
0.03233333333333333,0.0
0.034666666666666665,0.0
0.03699999999999999,0.0
0.04166666666666667,0.0
0.04633333333333333,0.0
0.05,0.0
0.056999999999999995,0.0
0.06266666666666666,0.0
0.069,0.0
0.07633333333333334,0.0
0.08299999999999999,0.0
0.09033333333333335,0.0
0.097,0.0
0.10400000000000001,0.0
0.11166666666666666,0.0
0.119,0.0
0.12866666666666668,0.0
0.1366666666666667,0.0
0.14933333333333335,0.0
0.15833333333333333,0.0
0.171,0.0
0.17800000000000002,0.0
0.19133333333333333,0.0
0.201,0.0
0.21533333333333332,0.0
0.22666666666666666,0.0
0.2356666666666667,0.0
0.24733333333333332,0.0
0.25666666666666665,0.0
0.26866666666666666,0.0
0.2833333333333333,0.0
0.2976666666666667,0.0
0.311,0.0
0.32499999999999996,0.0
0.33633333333333326,0.0
0.348,0.0
0.3623333333333333,0.0
0.3773333333333334,0.0
0.39333333333333337,0.0
0.40700000000000003,0.0
0.4166666666666667,0.0
0.43200000000000005,0.0
0.44800000000000006,0.0
0.45966666666666667,0.0
0.4716666666666667,0.0
0.4826666666666667,0.0
0.4956666666666667,0.0
0.5089999999999999,0.0
0.522,0.0
0.5359999999999999,0.0
0.55,0.0
0.5603333333333335,0.0
0.568,0.0
0.5816666666666667,0.0
0.5956666666666667,0.0
0.6059999999999999,0.0
0.6206666666666666,0.0
0.6323333333333333,0.0
0.6479999999999999,0.0
0.662,0.0003333333333333334
0.6736666666666667,0.0003333333333333334
0.689,0.0003333333333333334
0.703,0.0003333333333333334
0.7126666666666667,0.0003333333333333334
0.7230000000000001,0.0003333333333333334
0.732,0.0003333333333333334
0.738,0.0003333333333333334
0.7496666666666666,0.0003333333333333334
0.7569999999999999,0.0003333333333333334
0.766,0.0003333333333333334
0.772,0.0003333333333333334
0.781,0.0006666666666666668
0.7886666666666667,0.0006666666666666668
0.8013333333333333,0.0006666666666666668
0.8086666666666666,0.0006666666666666668
0.8146666666666667,0.0006666666666666668
0.8240000000000001,0.0006666666666666668
0.8323333333333334,0.0006666666666666668
0.8406666666666668,0.0006666666666666668
0.8486666666666668,0.001
0.8573333333333334,0.001
0.8640000000000001,0.001
0.8706666666666667,0.0013333333333333335
0.874,0.0013333333333333335
0.8806666666666668,0.0013333333333333335
0.8869999999999999,0.0013333333333333335
0.8939999999999999,0.0016666666666666666
0.8993333333333332,0.002
0.905,0.002
0.9093333333333333,0.002
0.914,0.002
0.9179999999999999,0.002
0.9213333333333333,0.002666666666666667
0.9233333333333335,0.003
0.9293333333333333,0.003333333333333333
0.9326666666666666,0.003333333333333333
0.9369999999999999,0.003333333333333333
0.9410000000000001,0.003333333333333333
0.943,0.004333333333333333
0.9446666666666668,0.005
0.9473333333333335,0.005
0.95,0.005
0.9536666666666666,0.005
0.9559999999999998,0.005666666666666667
0.9573333333333333,0.007333333333333332
0.9603333333333334,0.008
0.9640000000000001,0.008999999999999998
0.9663333333333333,0.009333333333333334
0.9676666666666666,0.011333333333333332
0.9693333333333334,0.012666666666666668
0.9709999999999999,0.014000000000000002
0.9733333333333333,0.01566666666666667
0.9753333333333332,0.016333333333333335
0.977,0.017666666666666667
0.978,0.019333333333333334
0.9793333333333333,0.019999999999999997
0.9806666666666667,0.023
0.9826666666666666,0.024666666666666667
0.9843333333333334,0.02733333333333333
0.9856666666666667,0.030333333333333334
0.9863333333333335,0.033999999999999996
0.9876666666666667,0.03799999999999999
0.9879999999999999,0.041
0.9886666666666667,0.046
0.9893333333333333,0.051000000000000004
0.9896666666666667,0.05466666666666666
0.9903333333333333,0.06066666666666667
0.9906666666666666,0.065
0.991,0.07233333333333333
0.9926666666666666,0.07633333333333334
0.9933333333333334,0.08466666666666667
0.9946666666666666,0.09333333333333334
0.9946666666666666,0.10266666666666668
0.9946666666666666,0.11166666666666666
0.9949999999999999,0.11800000000000002
0.9953333333333333,0.12933333333333333
0.9956666666666667,0.13999999999999999
0.9963333333333333,0.151
0.9963333333333333,0.16566666666666668
0.9966666666666667,0.1776666666666667
0.9969999999999999,0.19633333333333333
0.9976666666666667,0.21200000000000002
0.998,0.2226666666666667
0.998,0.23833333333333337
0.9983333333333334,0.2536666666666666
0.9986666666666666,0.26966666666666667
0.9986666666666666,0.29166666666666663
0.999,0.31166666666666665
0.999,0.3283333333333333
0.999,0.34700000000000003
0.999,0.368
0.9993333333333332,0.3916666666666667
0.9996666666666666,0.41500000000000004
0.9996666666666666,0.437
0.9996666666666666,0.45833333333333337
0.9996666666666666,0.48133333333333334
1.0,0.499
1.0,0.522
1.0,0.542
1.0,0.5656666666666667
1.0,0.588
1.0,0.6123333333333333
1.0,0.6389999999999999
1.0,0.6566666666666666
1.0,0.6813333333333335
1.0,0.7053333333333334
1.0,0.7259999999999999
1.0,0.7456666666666667
1.0,0.7633333333333333
1.0,0.7793333333333332
1.0,0.7966666666666666
1.0,0.8106666666666668
1.0,0.826
1.0,0.8413333333333334
1.0,0.8543333333333335
1.0,0.8663333333333332
1.0,0.8780000000000001
1.0,0.8883333333333333
1.0,0.8959999999999999
1.0,0.9073333333333332
1.0,0.9163333333333334
1.0,0.9250000000000002
1.0,0.9336666666666666
1.0,0.9413333333333334
1.0,0.9493333333333334
1.0,0.9560000000000001
1.0,0.9623333333333335
1.0,0.968
1.0,0.9733333333333333
1.0,0.9763333333333334
1.0,0.9806666666666667
1.0,0.9833333333333334
1.0,0.9863333333333332
1.0,0.9883333333333333
1.0,0.9893333333333333
1.0,0.9903333333333333
1.0,0.9923333333333332
1.0,0.9926666666666666
1.0,0.9933333333333332
1.0,0.9936666666666666
1.0,0.9943333333333333
1.0,0.9953333333333333
1.0,0.9959999999999999
1.0,0.9963333333333333
1.0,0.9973333333333333
1.0,0.9976666666666667
1.0,0.9983333333333334
1.0,0.9986666666666666
1.0,0.9986666666666666
1.0,0.9986666666666666
1.0,0.9993333333333332
1.0,0.9993333333333332
1.0,0.9993333333333332
1.0,0.9996666666666666
1.0,0.9996666666666666
1.0,0.9996666666666666
1.0,0.9996666666666666
1.0,0.9996666666666666
1.0,0.9996666666666666
1.0,0.9996666666666666
1.0,0.9996666666666666
1.0,0.9996666666666666
1.0,0.9996666666666666
1.0,0.9996666666666666
1.0,0.9996666666666666
1.0,1.0
1.0,1.0
1.0,1.0
1.0,1.0
1.0,1.0
1.0,1.0
1.0,1.0
1.0,1.0
1.0,1.0
1.0,1.0
1.0,1.0
1.0,1.0
1.0,1.0
1.0,1.0
1.0,1.0
1.0,1.0
1.0,1.0
1.0,1.0
1.0,1.0
1.0,1.0
1.0,1.0
1.0,1.0
1.0,1.0
1.0,1.0
1.0,1.0
1.0,1.0
1.0,1.0
1.0,1.0
1.0,1.0
1.0,1.0
1.0,1.0
1.0,1.0
1.0,1.0
1.0,1.0
1.0,1.0
1.0,1.0
1.0,1.0
1.0,1.0
1.0,1.0
1.0,1.0
1.0,1.0
1.0,1.0
1.0,1.0
1.0,1.0
1.0,1.0
1.0,1.0
1.0,1.0
1.0,1.0
1.0,1.0
1.0,1.0
1.0,1.0
1.0,1.0
1.0,1.0
1.0,1.0
1.0,1.0
1.0,1.0
1.0,1.0
1.0,1.0
1.0,1.0
1.0,1.0
1.0,1.0
1.0,1.0
1.0,1.0
1.0,1.0
1.0,1.0
1.0,1.0
1.0,1.0
1.0,1.0
1.0,1.0
1.0,1.0
1.0,1.0
1.0,1.0
1.0,1.0
1.0,1.0
1.0,1.0
1.0,1.0
1.0,1.0
1.0,1.0
1.0,1.0
1.0,1.0
1.0,1.0
1.0,1.0
1.0,1.0
1.0,1.0
1.0,1.0
1.0,1.0
1.0,1.0
1.0,1.0
1.0,1.0
1.0,1.0
1.0,1.0
1.0,1.0
1.0,1.0
1.0,1.0
1.0,1.0
1.0,1.0
1.0,1.0
1.0,1.0
1.0,1.0
1.0,1.0
1.0,1.0
1.0,1.0
1.0,1.0
1.0,1.0
1.0,1.0
1.0,1.0
1.0,1.0
1.0,1.0
1.0,1.0
1.0,1.0
1.0,1.0
1.0,1.0
1.0,1.0
1.0,1.0
1.0,1.0
1.0,1.0
1.0,1.0
1.0,1.0
1.0,1.0
1.0,1.0
1.0,1.0
1.0,1.0
1.0,1.0
1.0,1.0
1.0,1.0
1.0,1.0
1.0,1.0
1.0,1.0
1.0,1.0
1.0,1.0
1.0,1.0
1.0,1.0
1.0,1.0
1.0,1.0
1.0,1.0
1.0,1.0
1.0,1.0
1.0,1.0
1.0,1.0
1.0,1.0
1.0,1.0
1.0,1.0
1.0,1.0
1.0,1.0
1.0,1.0
1.0,1.0
1.0,1.0
1.0,1.0
1.0,1.0
1.0,1.0
1.0,1.0
1.0,1.0
1.0,1.0
1.0,1.0
1.0,1.0
1.0,1.0
1.0,1.0
1.0,1.0
1.0,1.0
1.0,1.0
1.0,1.0
1.0,1.0
1.0,1.0
1.0,1.0
1.0,1.0
1.0,1.0
1.0,1.0
1.0,1.0
1.0,1.0
1.0,1.0
1.0,1.0
1.0,1.0
1.0,1.0
1.0,1.0
1.0,1.0
1.0,1.0
1.0,1.0
1.0,1.0
1.0,1.0
1.0,1.0
1.0,1.0
1.0,1.0
1.0,1.0
1.0,1.0
1.0,1.0
1.0,1.0
1.0,1.0
1.0,1.0
1.0,1.0
1.0,1.0
1.0,1.0
1.0,1.0
1.0,1.0
1.0,1.0
1.0,1.0
1.0,1.0
1.0,1.0
1.0,1.0
1.0,1.0
1.0,1.0
1.0,1.0
1.0,1.0
1.0,1.0
1.0,1.0
1.0,1.0
1.0,1.0
1.0,1.0
1.0,1.0
1.0,1.0
1.0,1.0
1.0,1.0
1.0,1.0
1.0,1.0
1.0,1.0
1.0,1.0
1.0,1.0
1.0,1.0
1.0,1.0
1.0,1.0
1.0,1.0
1.0,1.0
1.0,1.0
1.0,1.0
1.0,1.0
1.0,1.0
1.0,1.0
1.0,1.0
1.0,1.0
1.0,1.0
1.0,1.0
1.0,1.0
1.0,1.0
1.0,1.0
1.0,1.0
1.0,1.0
1.0,1.0
1.0,1.0
1.0,1.0
1.0,1.0
1.0,1.0
1.0,1.0
1.0,1.0
1.0,1.0
1.0,1.0
1.0,1.0
1.0,1.0
1.0,1.0
1.0,1.0
1.0,1.0
1.0,1.0
1.0,1.0
1.0,1.0
1.0,1.0
1.0,1.0
1.0,1.0
1.0,1.0
1.0,1.0
1.0,1.0
1.0,1.0
1.0,1.0
1.0,1.0
1.0,1.0
1.0,1.0
1.0,1.0
1.0,1.0
1.0,1.0
1.0,1.0
1.0,1.0
1.0,1.0
1.0,1.0
1.0,1.0
1.0,1.0
1.0,1.0
1.0,1.0
1.0,1.0
1.0,1.0
1.0,1.0
1.0,1.0
1.0,1.0
1.0,1.0
1.0,1.0
1.0,1.0
1.0,1.0
1.0,1.0
1.0,1.0
1.0,1.0
1.0,1.0
1.0,1.0
1.0,1.0
1.0,1.0
1.0,1.0
1.0,1.0
1.0,1.0
1.0,1.0
1.0,1.0
1.0,1.0
1.0,1.0
1.0,1.0
1.0,1.0
1.0,1.0
1.0,1.0
1.0,1.0
1.0,1.0
1.0,1.0
1.0,1.0
1.0,1.0
1.0,1.0
1.0,1.0
1.0,1.0
1.0,1.0
1.0,1.0
1.0,1.0
1.0,1.0
1.0,1.0
1.0,1.0
1.0,1.0
1.0,1.0
1.0,1.0
1.0,1.0
1.0,1.0
1.0,1.0
1.0,1.0
1.0,1.0
1.0,1.0
1.0,1.0
1.0,1.0
1.0,1.0
1.0,1.0
1.0,1.0
1.0,1.0
1.0,1.0
1.0,1.0
1.0,1.0
1.0,1.0
1.0,1.0
1.0,1.0
1.0,1.0
1.0,1.0
1.0,1.0
1.0,1.0
1.0,1.0
1.0,1.0
1.0,1.0
1.0,1.0
1.0,1.0
1.0,1.0
1.0,1.0
1.0,1.0
1.0,1.0
1.0,1.0
1.0,1.0
1.0,1.0
1.0,1.0
1.0,1.0
1.0,1.0
1.0,1.0
1.0,1.0
1.0,1.0
1.0,1.0
1.0,1.0
1.0,1.0
1.0,1.0
1.0,1.0
1.0,1.0
1.0,1.0
1.0,1.0
1.0,1.0
1.0,1.0
1.0,1.0
1.0,1.0
1.0,1.0
1.0,1.0
1.0,1.0
1.0,1.0
1.0,1.0
1.0,1.0
1.0,1.0
1.0,1.0
1.0,1.0
1.0,1.0
1.0,1.0
1.0,1.0
1.0,1.0
1.0,1.0
1.0,1.0
1.0,1.0
1.0,1.0
1.0,1.0
1.0,1.0
1.0,1.0
1.0,1.0
1.0,1.0
1.0,1.0
1.0,1.0
1.0,1.0
1.0,1.0
1.0,1.0
1.0,1.0
1.0,1.0
1.0,1.0
1.0,1.0
1.0,1.0
1.0,1.0
1.0,1.0
1.0,1.0
1.0,1.0
1.0,1.0
1.0,1.0
1.0,1.0
1.0,1.0
1.0,1.0
1.0,1.0
1.0,1.0
1.0,1.0
1.0,1.0
1.0,1.0
1.0,1.0
1.0,1.0
1.0,1.0
1.0,1.0
1.0,1.0
1.0,1.0
1.0,1.0
1.0,1.0
1.0,1.0
1.0,1.0
1.0,1.0
1.0,1.0
1.0,1.0
1.0,1.0
1.0,1.0
1.0,1.0
1.0,1.0
1.0,1.0
1.0,1.0
1.0,1.0
1.0,1.0
1.0,1.0
1.0,1.0
1.0,1.0
1.0,1.0
1.0,1.0
1.0,1.0
1.0,1.0
1.0,1.0
1.0,1.0
1.0,1.0
1.0,1.0
1.0,1.0
1.0,1.0
1.0,1.0
1.0,1.0
1.0,1.0
1.0,1.0
1.0,1.0
1.0,1.0
1.0,1.0
1.0,1.0
1.0,1.0
1.0,1.0
1.0,1.0
1.0,1.0
1.0,1.0
1.0,1.0
1.0,1.0
1.0,1.0
1.0,1.0
1.0,1.0
1.0,1.0
1.0,1.0
1.0,1.0
1.0,1.0
1.0,1.0
1.0,1.0
1.0,1.0
1.0,1.0
1.0,1.0
1.0,1.0
1.0,1.0
1.0,1.0
1.0,1.0
1.0,1.0
1.0,1.0
1.0,1.0
1.0,1.0
1.0,1.0
1.0,1.0
1.0,1.0
1.0,1.0
1.0,1.0
1.0,1.0
1.0,1.0
1.0,1.0
1.0,1.0
1.0,1.0
1.0,1.0
1.0,1.0
1.0,1.0
1.0,1.0
1.0,1.0
1.0,1.0
1.0,1.0
1.0,1.0
1.0,1.0
1.0,1.0
1.0,1.0
1.0,1.0
1.0,1.0
1.0,1.0
1.0,1.0
1.0,1.0
1.0,1.0
1.0,1.0
1.0,1.0
1.0,1.0
1.0,1.0
1.0,1.0
1.0,1.0
1.0,1.0
1.0,1.0
1.0,1.0
1.0,1.0
1.0,1.0
1.0,1.0
1.0,1.0
1.0,1.0
1.0,1.0
1.0,1.0
1.0,1.0
1.0,1.0
1.0,1.0
1.0,1.0
1.0,1.0
1.0,1.0
1.0,1.0
1.0,1.0
1.0,1.0
1.0,1.0
1.0,1.0
1.0,1.0
1.0,1.0
1.0,1.0
1.0,1.0
1.0,1.0
1.0,1.0
1.0,1.0
1.0,1.0
1.0,1.0
1.0,1.0
1.0,1.0
1.0,1.0
1.0,1.0
1.0,1.0
1.0,1.0
1.0,1.0
1.0,1.0
1.0,1.0
1.0,1.0
1.0,1.0
1.0,1.0
1.0,1.0
1.0,1.0
1.0,1.0
1.0,1.0
1.0,1.0
1.0,1.0
1.0,1.0
1.0,1.0
1.0,1.0
1.0,1.0
1.0,1.0
1.0,1.0
1.0,1.0
1.0,1.0
1.0,1.0
1.0,1.0
1.0,1.0
1.0,1.0
1.0,1.0
1.0,1.0
1.0,1.0
1.0,1.0
1.0,1.0
1.0,1.0
1.0,1.0
1.0,1.0
1.0,1.0
1.0,1.0
1.0,1.0
1.0,1.0
1.0,1.0
1.0,1.0
1.0,1.0
1.0,1.0
1.0,1.0
1.0,1.0
1.0,1.0
1.0,1.0
1.0,1.0
1.0,1.0
1.0,1.0
1.0,1.0
1.0,1.0
1.0,1.0
1.0,1.0
1.0,1.0
1.0,1.0
1.0,1.0
1.0,1.0
1.0,1.0
1.0,1.0
1.0,1.0
1.0,1.0
1.0,1.0
1.0,1.0
1.0,1.0
1.0,1.0
1.0,1.0
1.0,1.0
1.0,1.0
1.0,1.0
1.0,1.0
1.0,1.0
1.0,1.0
1.0,1.0
1.0,1.0
1.0,1.0
1.0,1.0
1.0,1.0
1.0,1.0
1.0,1.0
1.0,1.0
1.0,1.0
1.0,1.0
1.0,1.0
1.0,1.0
1.0,1.0
1.0,1.0
1.0,1.0
1.0,1.0
1.0,1.0
1.0,1.0
1.0,1.0
1.0,1.0
1.0,1.0
1.0,1.0
1.0,1.0
1.0,1.0
1.0,1.0
1.0,1.0
1.0,1.0
1.0,1.0
1.0,1.0
1.0,1.0
1.0,1.0
1.0,1.0
1.0,1.0
1.0,1.0
1.0,1.0
1.0,1.0
1.0,1.0
1.0,1.0
1.0,1.0
1.0,1.0
1.0,1.0
1.0,1.0
1.0,1.0
1.0,1.0
1.0,1.0
1.0,1.0
1.0,1.0
1.0,1.0
1.0,1.0
1.0,1.0
1.0,1.0
1.0,1.0
1.0,1.0
1.0,1.0
1.0,1.0
1.0,1.0
1.0,1.0
1.0,1.0
1.0,1.0
1.0,1.0
1.0,1.0
1.0,1.0
1.0,1.0
1.0,1.0
1.0,1.0
1.0,1.0
1.0,1.0
1.0,1.0
1.0,1.0
1.0,1.0
1.0,1.0
1.0,1.0
1.0,1.0
1.0,1.0
1.0,1.0
1.0,1.0
1.0,1.0
1.0,1.0
1.0,1.0
1.0,1.0
1.0,1.0
1.0,1.0
1.0,1.0
1.0,1.0
1.0,1.0
1.0,1.0
1.0,1.0
1.0,1.0
1.0,1.0
1.0,1.0
1.0,1.0
1.0,1.0
1.0,1.0
1.0,1.0
1.0,1.0
1.0,1.0
1.0,1.0
1.0,1.0
1.0,1.0
1.0,1.0
1.0,1.0
1.0,1.0
1.0,1.0
1.0,1.0
1.0,1.0
1.0,1.0
1.0,1.0
1.0,1.0
1.0,1.0
1.0,1.0
1.0,1.0
1.0,1.0
1.0,1.0
1.0,1.0
1.0,1.0
1.0,1.0
1.0,1.0
1.0,1.0
1.0,1.0
1.0,1.0
1.0,1.0
1.0,1.0
1.0,1.0
1.0,1.0
1.0,1.0
1.0,1.0
1.0,1.0
1.0,1.0
1.0,1.0
1.0,1.0
1.0,1.0
1.0,1.0
1.0,1.0
1.0,1.0
1.0,1.0
1.0,1.0
1.0,1.0
1.0,1.0
1.0,1.0
1.0,1.0
1.0,1.0
1.0,1.0
1.0,1.0
1.0,1.0
1.0,1.0
1.0,1.0
1.0,1.0
1.0,1.0
1.0,1.0
1.0,1.0
1.0,1.0
1.0,1.0
1.0,1.0
1.0,1.0
1.0,1.0
1.0,1.0
1.0,1.0
1.0,1.0
1.0,1.0
1.0,1.0
1.0,1.0
1.0,1.0
1.0,1.0
1.0,1.0
1.0,1.0
1.0,1.0
1.0,1.0
1.0,1.0
1.0,1.0
1.0,1.0
1.0,1.0
1.0,1.0
1.0,1.0
1.0,1.0
1.0,1.0
1.0,1.0
1.0,1.0
1.0,1.0
1.0,1.0
1.0,1.0
1.0,1.0
1.0,1.0
1.0,1.0
1.0,1.0
1.0,1.0
1.0,1.0
1.0,1.0
1.0,1.0
1.0,1.0
1.0,1.0
1.0,1.0
1.0,1.0
1.0,1.0
1.0,1.0
1.0,1.0
1.0,1.0
1.0,1.0
1.0,1.0
1.0,1.0
1.0,1.0
1.0,1.0
1.0,1.0
1.0,1.0
1.0,1.0
1.0,1.0
1.0,1.0
1.0,1.0
1.0,1.0
1.0,1.0
1.0,1.0
1.0,1.0
1.0,1.0
1.0,1.0
1.0,1.0
1.0,1.0
1.0,1.0
1.0,1.0
1.0,1.0
1.0,1.0
1.0,1.0
1.0,1.0
1.0,1.0
1.0,1.0
1.0,1.0
1.0,1.0
1.0,1.0
1.0,1.0
1.0,1.0
1.0,1.0
1.0,1.0
1.0,1.0
1.0,1.0
1.0,1.0
1.0,1.0
1.0,1.0
1.0,1.0
1.0,1.0
1.0,1.0
1.0,1.0
1.0,1.0
1.0,1.0
1.0,1.0
1.0,1.0
1.0,1.0
1.0,1.0
1.0,1.0
1.0,1.0
1.0,1.0
1.0,1.0
1.0,1.0
1.0,1.0
1.0,1.0
1.0,1.0
1.0,1.0
1.0,1.0
1.0,1.0
1.0,1.0
1.0,1.0
1.0,1.0
1.0,1.0
1.0,1.0
1.0,1.0
1.0,1.0
1.0,1.0
1.0,1.0
1.0,1.0
1.0,1.0
1.0,1.0
1.0,1.0
1.0,1.0
1.0,1.0
1.0,1.0
1.0,1.0
1.0,1.0
1.0,1.0
1.0,1.0
1.0,1.0
1.0,1.0
1.0,1.0
1.0,1.0
1.0,1.0
1.0,1.0
1.0,1.0
1.0,1.0
1.0,1.0
1.0,1.0
1.0,1.0
1.0,1.0
1.0,1.0
1.0,1.0
1.0,1.0
1.0,1.0
1.0,1.0
1.0,1.0
1.0,1.0
1.0,1.0
1.0,1.0
1.0,1.0
1.0,1.0
1.0,1.0
1.0,1.0
1.0,1.0
1.0,1.0
1.0,1.0
1.0,1.0
1.0,1.0
1.0,1.0
1.0,1.0
1.0,1.0
1.0,1.0
1.0,1.0
1.0,1.0
1.0,1.0
1.0,1.0
1.0,1.0
1.0,1.0
1.0,1.0
1.0,1.0
1.0,1.0
1.0,1.0
1.0,1.0
1.0,1.0
1.0,1.0
1.0,1.0
1.0,1.0
1.0,1.0
1.0,1.0
1.0,1.0
1.0,1.0
1.0,1.0
1.0,1.0
1.0,1.0
1.0,1.0
1.0,1.0
1.0,1.0
1.0,1.0
1.0,1.0
1.0,1.0
1.0,1.0
1.0,1.0
1.0,1.0
1.0,1.0
1.0,1.0
1.0,1.0
1.0,1.0
1.0,1.0
1.0,1.0
1.0,1.0
1.0,1.0
1.0,1.0
1.0,1.0
1.0,1.0
1.0,1.0
1.0,1.0
1.0,1.0
1.0,1.0
1.0,1.0
1.0,1.0
1.0,1.0
1.0,1.0
1.0,1.0
1.0,1.0
1.0,1.0
1.0,1.0
1.0,1.0
1.0,1.0
1.0,1.0
1.0,1.0
1.0,1.0
1.0,1.0
1.0,1.0
1.0,1.0
1.0,1.0
1.0,1.0
1.0,1.0
1.0,1.0
1.0,1.0
1.0,1.0
1.0,1.0
1.0,1.0
1.0,1.0
1.0,1.0
1.0,1.0
1.0,1.0
1.0,1.0
1.0,1.0
1.0,1.0
1.0,1.0
1.0,1.0
1.0,1.0
1.0,1.0
1.0,1.0
1.0,1.0
1.0,1.0
1.0,1.0
1.0,1.0
1.0,1.0
1.0,1.0
1.0,1.0
1.0,1.0
1.0,1.0
1.0,1.0
1.0,1.0
1.0,1.0
1.0,1.0
1.0,1.0
1.0,1.0
1.0,1.0
1.0,1.0
1.0,1.0
1.0,1.0
1.0,1.0
1.0,1.0
1.0,1.0
1.0,1.0
1.0,1.0
1.0,1.0
1.0,1.0
1.0,1.0
1.0,1.0
1.0,1.0
1.0,1.0
1.0,1.0
1.0,1.0
1.0,1.0
1.0,1.0
1.0,1.0
1.0,1.0
1.0,1.0
1.0,1.0
1.0,1.0
1.0,1.0
1.0,1.0
1.0,1.0
1.0,1.0
1.0,1.0
1.0,1.0
1.0,1.0
1.0,1.0
1.0,1.0
1.0,1.0
1.0,1.0
1.0,1.0
1.0,1.0
1.0,1.0
1.0,1.0
1.0,1.0
1.0,1.0
1.0,1.0
1.0,1.0
1.0,1.0
1.0,1.0
1.0,1.0
1.0,1.0
1.0,1.0
1.0,1.0
1.0,1.0
1.0,1.0
1.0,1.0
1.0,1.0
1.0,1.0
1.0,1.0
1.0,1.0
1.0,1.0
1.0,1.0
1.0,1.0
1.0,1.0
1.0,1.0
1.0,1.0
1.0,1.0
1.0,1.0
1.0,1.0
1.0,1.0
1.0,1.0
1.0,1.0
1.0,1.0
1.0,1.0
1.0,1.0
1.0,1.0
1.0,1.0
1.0,1.0
1.0,1.0
1.0,1.0
1.0,1.0
1.0,1.0
1.0,1.0
1.0,1.0
1.0,1.0
1.0,1.0
1.0,1.0
1.0,1.0
1.0,1.0
1.0,1.0
1.0,1.0
1.0,1.0
1.0,1.0
1.0,1.0
1.0,1.0
1.0,1.0
1.0,1.0
1.0,1.0
1.0,1.0
1.0,1.0
1.0,1.0
1.0,1.0
1.0,1.0
1.0,1.0
1.0,1.0
1.0,1.0
1.0,1.0
1.0,1.0
1.0,1.0
1.0,1.0
1.0,1.0
1.0,1.0
1.0,1.0
1.0,1.0
1.0,1.0
1.0,1.0
1.0,1.0
1.0,1.0
1.0,1.0
1.0,1.0
1.0,1.0
1.0,1.0
1.0,1.0
1.0,1.0
1.0,1.0
1.0,1.0
1.0,1.0
1.0,1.0
1.0,1.0
1.0,1.0
1.0,1.0
1.0,1.0
1.0,1.0
1.0,1.0
1.0,1.0
1.0,1.0
1.0,1.0
1.0,1.0
1.0,1.0
1.0,1.0
1.0,1.0
1.0,1.0
1.0,1.0
1.0,1.0
1.0,1.0
1.0,1.0
1.0,1.0
1.0,1.0
1.0,1.0
1.0,1.0
1.0,1.0
1.0,1.0
1.0,1.0
1.0,1.0
1.0,1.0
1.0,1.0
1.0,1.0
1.0,1.0
1.0,1.0
1.0,1.0
1.0,1.0
1.0,1.0
1.0,1.0
1.0,1.0
1.0,1.0
1.0,1.0
1.0,1.0
1.0,1.0
1.0,1.0
1.0,1.0
1.0,1.0
1.0,1.0
1.0,1.0
1.0,1.0
1.0,1.0
1.0,1.0
1.0,1.0
1.0,1.0
1.0,1.0
1.0,1.0
1.0,1.0
1.0,1.0
1.0,1.0
1.0,1.0
1.0,1.0
1.0,1.0
1.0,1.0
1.0,1.0
1.0,1.0
1.0,1.0
1.0,1.0
1.0,1.0
1.0,1.0
1.0,1.0
1.0,1.0
1.0,1.0
1.0,1.0
1.0,1.0
1.0,1.0
1.0,1.0
1.0,1.0
1.0,1.0
1.0,1.0
1.0,1.0
1.0,1.0
1.0,1.0
1.0,1.0
1.0,1.0
1.0,1.0
1.0,1.0
1.0,1.0
1.0,1.0
1.0,1.0
1.0,1.0
1.0,1.0
1.0,1.0
1.0,1.0
1.0,1.0
1.0,1.0
1.0,1.0
1.0,1.0
1.0,1.0
1.0,1.0
1.0,1.0
1.0,1.0
1.0,1.0
1.0,1.0
1.0,1.0
1.0,1.0
1.0,1.0
1.0,1.0
1.0,1.0
1.0,1.0
1.0,1.0
1.0,1.0
1.0,1.0
1.0,1.0
1.0,1.0
1.0,1.0
1.0,1.0
1.0,1.0
1.0,1.0
1.0,1.0
1.0,1.0
1.0,1.0
1.0,1.0
1.0,1.0
1.0,1.0
1.0,1.0
1.0,1.0
1.0,1.0
1.0,1.0
1.0,1.0
1.0,1.0
1.0,1.0
1.0,1.0
1.0,1.0
1.0,1.0
1.0,1.0
1.0,1.0
1.0,1.0
1.0,1.0
1.0,1.0
1.0,1.0
1.0,1.0
1.0,1.0
1.0,1.0
1.0,1.0
1.0,1.0
1.0,1.0
1.0,1.0
1.0,1.0
1.0,1.0
1.0,1.0
1.0,1.0
1.0,1.0
1.0,1.0
1.0,1.0
1.0,1.0
1.0,1.0
1.0,1.0
1.0,1.0
1.0,1.0
1.0,1.0
1.0,1.0
1.0,1.0
1.0,1.0
1.0,1.0
1.0,1.0
1.0,1.0
1.0,1.0
1.0,1.0
1.0,1.0
1.0,1.0
1.0,1.0
1.0,1.0
1.0,1.0
1.0,1.0
1.0,1.0
1.0,1.0
1.0,1.0
1.0,1.0
1.0,1.0
1.0,1.0
1.0,1.0
1.0,1.0
1.0,1.0
1.0,1.0
1.0,1.0
1.0,1.0
1.0,1.0
1.0,1.0
1.0,1.0
1.0,1.0
1.0,1.0
1.0,1.0
1.0,1.0
1.0,1.0
1.0,1.0
1.0,1.0
1.0,1.0
1.0,1.0
1.0,1.0
1.0,1.0
1.0,1.0
1.0,1.0
1.0,1.0
1.0,1.0
1.0,1.0
1.0,1.0
1.0,1.0
1.0,1.0
1.0,1.0
1.0,1.0
1.0,1.0
1.0,1.0
1.0,1.0
1.0,1.0
1.0,1.0
1.0,1.0
1.0,1.0
1.0,1.0
1.0,1.0
1.0,1.0
1.0,1.0
1.0,1.0
1.0,1.0
1.0,1.0
1.0,1.0
1.0,1.0
1.0,1.0
1.0,1.0
1.0,1.0
1.0,1.0
1.0,1.0
1.0,1.0
1.0,1.0
1.0,1.0
1.0,1.0
1.0,1.0
1.0,1.0
1.0,1.0
1.0,1.0
1.0,1.0
1.0,1.0
1.0,1.0
1.0,1.0
1.0,1.0
1.0,1.0
1.0,1.0
1.0,1.0
1.0,1.0
1.0,1.0
1.0,1.0
1.0,1.0
1.0,1.0
1.0,1.0
1.0,1.0
1.0,1.0
1.0,1.0
1.0,1.0
1.0,1.0
1.0,1.0
1.0,1.0
1.0,1.0
1.0,1.0
1.0,1.0
1.0,1.0
1.0,1.0
1.0,1.0
1.0,1.0
1.0,1.0
1.0,1.0
1.0,1.0
1.0,1.0
1.0,1.0
1.0,1.0
1.0,1.0
1.0,1.0
1.0,1.0
1.0,1.0
1.0,1.0
1.0,1.0
1.0,1.0
1.0,1.0
1.0,1.0
1.0,1.0
1.0,1.0
1.0,1.0
1.0,1.0
1.0,1.0
1.0,1.0
1.0,1.0
1.0,1.0
1.0,1.0
1.0,1.0
1.0,1.0
1.0,1.0
1.0,1.0
1.0,1.0
1.0,1.0
1.0,1.0
1.0,1.0
1.0,1.0
1.0,1.0
1.0,1.0
1.0,1.0
1.0,1.0
1.0,1.0
1.0,1.0
1.0,1.0
1.0,1.0
1.0,1.0
1.0,1.0
1.0,1.0
1.0,1.0
1.0,1.0
1.0,1.0
1.0,1.0
1.0,1.0
1.0,1.0
1.0,1.0
1.0,1.0
1.0,1.0
1.0,1.0
1.0,1.0
1.0,1.0
1.0,1.0
1.0,1.0
1.0,1.0
1.0,1.0
1.0,1.0
1.0,1.0
1.0,1.0
1.0,1.0
1.0,1.0
1.0,1.0
1.0,1.0
1.0,1.0
1.0,1.0
1.0,1.0
1.0,1.0
1.0,1.0
1.0,1.0
1.0,1.0
1.0,1.0
1.0,1.0
1.0,1.0
1.0,1.0
1.0,1.0
1.0,1.0
1.0,1.0
1.0,1.0
1.0,1.0
1.0,1.0
1.0,1.0
1.0,1.0
1.0,1.0
1.0,1.0
1.0,1.0
1.0,1.0
1.0,1.0
1.0,1.0
1.0,1.0
1.0,1.0
1.0,1.0
1.0,1.0
1.0,1.0
1.0,1.0
1.0,1.0
1.0,1.0
1.0,1.0
1.0,1.0
1.0,1.0
1.0,1.0
1.0,1.0
1.0,1.0
1.0,1.0
1.0,1.0
1.0,1.0
1.0,1.0
1.0,1.0
1.0,1.0
1.0,1.0
1.0,1.0
1.0,1.0
1.0,1.0
1.0,1.0
1.0,1.0
1.0,1.0
1.0,1.0
1.0,1.0
1.0,1.0
1.0,1.0
1.0,1.0
1.0,1.0
1.0,1.0
1.0,1.0
1.0,1.0
1.0,1.0
1.0,1.0
1.0,1.0
1.0,1.0
1.0,1.0
1.0,1.0
1.0,1.0
1.0,1.0
1.0,1.0
1.0,1.0
1.0,1.0
1.0,1.0
1.0,1.0
1.0,1.0
1.0,1.0
1.0,1.0
1.0,1.0
1.0,1.0
1.0,1.0
1.0,1.0
1.0,1.0
1.0,1.0
1.0,1.0
1.0,1.0
1.0,1.0
1.0,1.0
1.0,1.0
1.0,1.0
1.0,1.0
1.0,1.0
1.0,1.0
1.0,1.0
1.0,1.0
1.0,1.0
1.0,1.0
1.0,1.0
1.0,1.0
1.0,1.0
1.0,1.0
1.0,1.0
1.0,1.0
1.0,1.0
1.0,1.0
1.0,1.0
1.0,1.0
1.0,1.0
1.0,1.0
1.0,1.0
1.0,1.0
1.0,1.0
1.0,1.0
1.0,1.0
1.0,1.0
1.0,1.0
1.0,1.0
1.0,1.0
1.0,1.0
1.0,1.0
1.0,1.0
1.0,1.0
1.0,1.0
1.0,1.0
1.0,1.0
1.0,1.0
1.0,1.0
1.0,1.0
1.0,1.0
1.0,1.0
1.0,1.0
1.0,1.0
1.0,1.0
1.0,1.0
1.0,1.0
1.0,1.0
1.0,1.0
1.0,1.0
1.0,1.0
1.0,1.0
1.0,1.0
1.0,1.0
1.0,1.0
1.0,1.0
1.0,1.0
1.0,1.0
1.0,1.0
1.0,1.0
1.0,1.0
1.0,1.0
1.0,1.0
1.0,1.0
1.0,1.0
1.0,1.0
1.0,1.0
1.0,1.0
1.0,1.0
1.0,1.0
1.0,1.0
1.0,1.0
1.0,1.0
1.0,1.0
1.0,1.0
1.0,1.0
1.0,1.0
1.0,1.0
1.0,1.0
1.0,1.0
1.0,1.0
1.0,1.0
1.0,1.0
1.0,1.0
1.0,1.0
1.0,1.0
1.0,1.0
1.0,1.0
1.0,1.0
1.0,1.0
1.0,1.0
1.0,1.0
1.0,1.0
1.0,1.0
1.0,1.0
1.0,1.0
1.0,1.0
1.0,1.0
1.0,1.0
1.0,1.0
1.0,1.0
1.0,1.0
1.0,1.0
1.0,1.0
1.0,1.0
1.0,1.0
1.0,1.0
1.0,1.0
1.0,1.0
1.0,1.0
1.0,1.0
1.0,1.0
1.0,1.0
1.0,1.0
1.0,1.0
1.0,1.0
1.0,1.0
1.0,1.0
1.0,1.0
1.0,1.0
1.0,1.0
1.0,1.0
1.0,1.0
1.0,1.0
1.0,1.0
1.0,1.0
1.0,1.0
1.0,1.0
1.0,1.0
1.0,1.0
1.0,1.0
1.0,1.0
1.0,1.0
1.0,1.0
1.0,1.0
1.0,1.0
1.0,1.0
1.0,1.0
1.0,1.0
1.0,1.0
1.0,1.0
1.0,1.0
1.0,1.0
1.0,1.0
1.0,1.0
1.0,1.0
1.0,1.0
1.0,1.0
1.0,1.0
1.0,1.0
1.0,1.0
1.0,1.0
1.0,1.0
1.0,1.0
1.0,1.0
1.0,1.0
1.0,1.0
1.0,1.0
1.0,1.0
1.0,1.0
1.0,1.0
1.0,1.0
1.0,1.0
1.0,1.0
1.0,1.0
1.0,1.0
1.0,1.0
1.0,1.0
1.0,1.0
1.0,1.0
1.0,1.0
1.0,1.0
1.0,1.0
1.0,1.0
1.0,1.0
1.0,1.0
1.0,1.0
1.0,1.0
1.0,1.0
1.0,1.0
1.0,1.0
1.0,1.0
1.0,1.0
1.0,1.0
1.0,1.0
1.0,1.0
1.0,1.0
1.0,1.0
1.0,1.0
1.0,1.0
1.0,1.0
1.0,1.0
1.0,1.0
1.0,1.0
1.0,1.0
1.0,1.0
1.0,1.0
1.0,1.0
1.0,1.0
1.0,1.0
1.0,1.0
1.0,1.0
1.0,1.0
1.0,1.0
1.0,1.0
1.0,1.0
1.0,1.0
1.0,1.0
1.0,1.0
1.0,1.0
1.0,1.0
1.0,1.0
1.0,1.0
1.0,1.0
1.0,1.0
1.0,1.0
1.0,1.0
1.0,1.0
1.0,1.0
1.0,1.0
1.0,1.0
1.0,1.0
1.0,1.0
1.0,1.0
1.0,1.0
1.0,1.0
1.0,1.0
1.0,1.0
1.0,1.0
1.0,1.0
1.0,1.0
1.0,1.0
1.0,1.0
1.0,1.0
1.0,1.0
1.0,1.0
1.0,1.0
1.0,1.0
1.0,1.0
1.0,1.0
1.0,1.0
1.0,1.0
1.0,1.0
1.0,1.0
1.0,1.0
1.0,1.0
1.0,1.0
1.0,1.0
1.0,1.0
1.0,1.0
1.0,1.0
1.0,1.0
1.0,1.0
1.0,1.0
1.0,1.0
1.0,1.0
1.0,1.0
1.0,1.0
1.0,1.0
1.0,1.0
1.0,1.0
1.0,1.0
1.0,1.0
1.0,1.0
1.0,1.0
1.0,1.0
1.0,1.0
1.0,1.0
1.0,1.0
1.0,1.0
1.0,1.0
1.0,1.0
1.0,1.0
1.0,1.0
1.0,1.0
1.0,1.0
1.0,1.0
1.0,1.0
1.0,1.0
1.0,1.0
1.0,1.0
1.0,1.0
1.0,1.0
1.0,1.0
1.0,1.0
1.0,1.0
1.0,1.0
1.0,1.0
1.0,1.0
1.0,1.0
1.0,1.0
1.0,1.0
1.0,1.0
1.0,1.0
1.0,1.0
1.0,1.0
1.0,1.0
1.0,1.0
1.0,1.0
1.0,1.0
1.0,1.0
1.0,1.0
1.0,1.0
1.0,1.0
1.0,1.0
1.0,1.0
1.0,1.0
1.0,1.0
1.0,1.0
1.0,1.0
1.0,1.0
1.0,1.0
1.0,1.0
1.0,1.0
1.0,1.0
1.0,1.0
1.0,1.0
1.0,1.0
1.0,1.0
1.0,1.0
1.0,1.0
1.0,1.0
1.0,1.0
1.0,1.0
1.0,1.0
1.0,1.0
1.0,1.0
1.0,1.0
1.0,1.0
1.0,1.0
1.0,1.0
1.0,1.0
1.0,1.0
1.0,1.0
1.0,1.0
1.0,1.0
1.0,1.0
1.0,1.0
1.0,1.0
1.0,1.0
1.0,1.0
1.0,1.0
1.0,1.0
1.0,1.0
1.0,1.0
1.0,1.0
1.0,1.0
1.0,1.0
1.0,1.0
1.0,1.0
1.0,1.0
1.0,1.0
1.0,1.0
1.0,1.0
1.0,1.0
1.0,1.0
1.0,1.0
1.0,1.0
1.0,1.0
1.0,1.0
1.0,1.0
1.0,1.0
1.0,1.0
1.0,1.0
1.0,1.0
1.0,1.0
1.0,1.0
1.0,1.0
1.0,1.0
1.0,1.0
1.0,1.0
1.0,1.0
1.0,1.0
1.0,1.0
1.0,1.0
1.0,1.0
1.0,1.0
1.0,1.0
1.0,1.0
1.0,1.0
1.0,1.0
1.0,1.0
1.0,1.0
1.0,1.0
1.0,1.0
1.0,1.0
1.0,1.0
1.0,1.0
1.0,1.0
1.0,1.0
1.0,1.0
1.0,1.0
1.0,1.0
1.0,1.0
1.0,1.0
1.0,1.0
1.0,1.0
1.0,1.0
1.0,1.0
1.0,1.0
1.0,1.0
1.0,1.0
1.0,1.0
1.0,1.0
1.0,1.0
1.0,1.0
1.0,1.0
1.0,1.0
1.0,1.0
1.0,1.0
1.0,1.0
1.0,1.0
1.0,1.0
1.0,1.0
1.0,1.0
1.0,1.0
1.0,1.0
1.0,1.0
1.0,1.0
1.0,1.0
1.0,1.0
1.0,1.0
1.0,1.0
1.0,1.0
1.0,1.0
1.0,1.0
1.0,1.0
1.0,1.0
1.0,1.0
1.0,1.0
1.0,1.0
1.0,1.0
1.0,1.0
1.0,1.0
1.0,1.0
1.0,1.0
1.0,1.0
1.0,1.0
1.0,1.0
1.0,1.0
1.0,1.0
1.0,1.0
1.0,1.0
1.0,1.0
1.0,1.0
1.0,1.0
1.0,1.0
1.0,1.0
1.0,1.0
1.0,1.0
1.0,1.0
1.0,1.0
1.0,1.0
1.0,1.0
1.0,1.0
1.0,1.0
1.0,1.0
1.0,1.0
1.0,1.0
1.0,1.0
1.0,1.0
1.0,1.0
1.0,1.0
1.0,1.0
1.0,1.0
1.0,1.0
1.0,1.0
1.0,1.0
1.0,1.0
1.0,1.0
1.0,1.0
1.0,1.0
1.0,1.0
1.0,1.0
1.0,1.0
1.0,1.0
1.0,1.0
1.0,1.0
1.0,1.0
1.0,1.0
1.0,1.0
1.0,1.0
1.0,1.0
1.0,1.0
1.0,1.0
1.0,1.0
1.0,1.0
1.0,1.0
1.0,1.0
1.0,1.0
1.0,1.0
1.0,1.0
1.0,1.0
1.0,1.0
1.0,1.0
1.0,1.0
1.0,1.0
1.0,1.0
1.0,1.0
1.0,1.0
1.0,1.0
1.0,1.0
1.0,1.0
1.0,1.0
1.0,1.0
1.0,1.0
1.0,1.0
1.0,1.0
1.0,1.0
1.0,1.0
1.0,1.0
1.0,1.0
1.0,1.0
1.0,1.0
1.0,1.0
1.0,1.0
1.0,1.0
1.0,1.0
1.0,1.0
1.0,1.0
1.0,1.0
1.0,1.0
1.0,1.0
1.0,1.0
1.0,1.0
1.0,1.0
1.0,1.0
1.0,1.0
1.0,1.0
1.0,1.0
1.0,1.0
1.0,1.0
1.0,1.0
1.0,1.0
1.0,1.0
1.0,1.0
1.0,1.0
1.0,1.0
1.0,1.0
1.0,1.0
1.0,1.0
1.0,1.0
1.0,1.0
1.0,1.0
1.0,1.0
1.0,1.0
1.0,1.0
1.0,1.0
1.0,1.0
1.0,1.0
1.0,1.0
1.0,1.0
1.0,1.0
1.0,1.0
1.0,1.0
1.0,1.0
1.0,1.0
1.0,1.0
1.0,1.0
1.0,1.0
1.0,1.0
1.0,1.0
1.0,1.0
1.0,1.0
1.0,1.0
1.0,1.0
1.0,1.0
1.0,1.0
1.0,1.0
1.0,1.0
1.0,1.0
1.0,1.0
1.0,1.0
1.0,1.0
1.0,1.0
1.0,1.0
1.0,1.0
1.0,1.0
1.0,1.0
1.0,1.0
1.0,1.0
1.0,1.0
1.0,1.0
1.0,1.0
1.0,1.0
1.0,1.0
1.0,1.0
1.0,1.0
1.0,1.0
1.0,1.0
1.0,1.0
1.0,1.0
1.0,1.0
1.0,1.0
1.0,1.0
1.0,1.0
1.0,1.0
1.0,1.0
1.0,1.0
1.0,1.0
1.0,1.0
1.0,1.0
1.0,1.0
1.0,1.0
1.0,1.0
1.0,1.0
1.0,1.0
1.0,1.0
1.0,1.0
1.0,1.0
1.0,1.0
1.0,1.0
1.0,1.0
1.0,1.0
1.0,1.0
1.0,1.0
1.0,1.0
1.0,1.0
1.0,1.0
1.0,1.0
1.0,1.0
1.0,1.0
1.0,1.0
1.0,1.0
1.0,1.0
1.0,1.0
1.0,1.0
1.0,1.0
1.0,1.0
1.0,1.0
1.0,1.0
1.0,1.0
1.0,1.0
1.0,1.0
1.0,1.0
1.0,1.0
1.0,1.0
1.0,1.0
1.0,1.0
1.0,1.0
1.0,1.0
1.0,1.0
1.0,1.0
1.0,1.0
1.0,1.0
1.0,1.0
1.0,1.0
1.0,1.0
1.0,1.0
1.0,1.0
1.0,1.0
1.0,1.0
1.0,1.0
1.0,1.0
1.0,1.0
1.0,1.0
1.0,1.0
1.0,1.0
1.0,1.0
1.0,1.0
1.0,1.0
1.0,1.0
1.0,1.0
1.0,1.0
1.0,1.0
1.0,1.0
1.0,1.0
1.0,1.0
1.0,1.0
1.0,1.0
1.0,1.0
1.0,1.0
1.0,1.0
1.0,1.0
1.0,1.0
1.0,1.0
1.0,1.0
1.0,1.0
1.0,1.0
1.0,1.0
1.0,1.0
1.0,1.0
1.0,1.0
1.0,1.0
1.0,1.0
1.0,1.0
1.0,1.0
1.0,1.0
1.0,1.0
1.0,1.0
1.0,1.0
1.0,1.0
1.0,1.0
1.0,1.0
1.0,1.0
1.0,1.0
1.0,1.0
1.0,1.0
1.0,1.0
1.0,1.0
1.0,1.0
1.0,1.0
1.0,1.0
1.0,1.0
1.0,1.0
1.0,1.0
1.0,1.0
1.0,1.0
1.0,1.0
1.0,1.0
1.0,1.0
1.0,1.0
1.0,1.0
1.0,1.0
1.0,1.0
1.0,1.0
1.0,1.0
1.0,1.0
1.0,1.0
1.0,1.0
1.0,1.0
1.0,1.0
1.0,1.0
1.0,1.0
1.0,1.0
1.0,1.0
1.0,1.0
1.0,1.0
1.0,1.0
1.0,1.0
1.0,1.0
1.0,1.0
1.0,1.0
1.0,1.0
1.0,1.0
1.0,1.0
1.0,1.0
1.0,1.0
1.0,1.0
1.0,1.0
1.0,1.0
1.0,1.0
1.0,1.0
1.0,1.0
1.0,1.0
1.0,1.0
1.0,1.0
1.0,1.0
1.0,1.0
1.0,1.0
1.0,1.0
1.0,1.0
1.0,1.0
1.0,1.0
1.0,1.0
1.0,1.0
1.0,1.0
1.0,1.0
1.0,1.0
1.0,1.0
1.0,1.0
1.0,1.0
1.0,1.0
1.0,1.0
1.0,1.0
1.0,1.0
1.0,1.0
1.0,1.0
1.0,1.0
1.0,1.0
1.0,1.0
1.0,1.0
1.0,1.0
1.0,1.0
1.0,1.0
1.0,1.0
1.0,1.0
1.0,1.0
1.0,1.0
1.0,1.0
1.0,1.0
1.0,1.0
1.0,1.0
1.0,1.0
1.0,1.0
1.0,1.0
1.0,1.0
1.0,1.0
1.0,1.0
1.0,1.0
1.0,1.0
1.0,1.0
1.0,1.0
1.0,1.0
1.0,1.0
1.0,1.0
1.0,1.0
1.0,1.0
1.0,1.0
1.0,1.0
1.0,1.0
1.0,1.0
1.0,1.0
1.0,1.0
1.0,1.0
1.0,1.0
1.0,1.0
1.0,1.0
1.0,1.0
1.0,1.0
1.0,1.0
1.0,1.0
1.0,1.0
1.0,1.0
1.0,1.0
1.0,1.0
1.0,1.0
1.0,1.0
1.0,1.0
1.0,1.0
1.0,1.0
1.0,1.0
1.0,1.0
1.0,1.0
1.0,1.0
1.0,1.0
1.0,1.0
1.0,1.0
1.0,1.0
1.0,1.0
1.0,1.0
1.0,1.0
1.0,1.0
1.0,1.0
1.0,1.0
1.0,1.0
1.0,1.0
1.0,1.0
1.0,1.0
1.0,1.0
1.0,1.0
1.0,1.0
1.0,1.0
1.0,1.0
1.0,1.0
1.0,1.0
1.0,1.0
1.0,1.0
1.0,1.0
1.0,1.0
1.0,1.0
1.0,1.0
1.0,1.0
1.0,1.0
1.0,1.0
1.0,1.0
1.0,1.0
1.0,1.0
1.0,1.0
1.0,1.0
1.0,1.0
1.0,1.0
1.0,1.0
1.0,1.0
1.0,1.0
1.0,1.0
1.0,1.0
1.0,1.0
1.0,1.0
1.0,1.0
1.0,1.0
1.0,1.0
1.0,1.0
1.0,1.0
1.0,1.0
1.0,1.0
1.0,1.0
1.0,1.0
1.0,1.0
1.0,1.0
1.0,1.0
1.0,1.0
1.0,1.0
1.0,1.0
1.0,1.0
1.0,1.0
1.0,1.0
1.0,1.0
1.0,1.0
1.0,1.0
1.0,1.0
1.0,1.0
1.0,1.0
1.0,1.0
1.0,1.0
1.0,1.0
1.0,1.0
1.0,1.0
1.0,1.0
1.0,1.0
1.0,1.0
1.0,1.0
1.0,1.0
1.0,1.0
1.0,1.0
1.0,1.0
1.0,1.0
1.0,1.0
1.0,1.0
1.0,1.0
1.0,1.0
1.0,1.0
1.0,1.0
1.0,1.0
1.0,1.0
1.0,1.0
1.0,1.0
1.0,1.0
1.0,1.0
1.0,1.0
1.0,1.0
1.0,1.0
1.0,1.0
1.0,1.0
1.0,1.0
1.0,1.0
1.0,1.0
1.0,1.0
1.0,1.0
1.0,1.0
1.0,1.0
1.0,1.0
1.0,1.0
1.0,1.0
1.0,1.0
1.0,1.0
1.0,1.0
1.0,1.0
1.0,1.0
1.0,1.0
1.0,1.0
1.0,1.0
1.0,1.0
1.0,1.0
1.0,1.0
1.0,1.0
1.0,1.0
1.0,1.0
1.0,1.0
1.0,1.0
1.0,1.0
1.0,1.0
1.0,1.0
1.0,1.0
1.0,1.0
1.0,1.0
1.0,1.0
1.0,1.0
1.0,1.0
1.0,1.0
1.0,1.0
1.0,1.0
1.0,1.0
1.0,1.0
1.0,1.0
1.0,1.0
1.0,1.0
1.0,1.0
1.0,1.0
1.0,1.0
1.0,1.0
1.0,1.0
1.0,1.0
1.0,1.0
1.0,1.0
1.0,1.0
1.0,1.0
1.0,1.0
1.0,1.0
1.0,1.0
1.0,1.0
1.0,1.0
1.0,1.0
1.0,1.0
1.0,1.0
1.0,1.0
1.0,1.0
1.0,1.0
1.0,1.0
1.0,1.0
1.0,1.0
1.0,1.0
1.0,1.0
1.0,1.0
1.0,1.0
1.0,1.0
1.0,1.0
1.0,1.0
1.0,1.0
1.0,1.0
1.0,1.0
1.0,1.0
1.0,1.0
1.0,1.0
1.0,1.0
1.0,1.0
1.0,1.0
1.0,1.0
1.0,1.0
1.0,1.0
1.0,1.0
1.0,1.0
1.0,1.0
1.0,1.0
1.0,1.0
1.0,1.0
1.0,1.0
1.0,1.0
1.0,1.0
1.0,1.0
1.0,1.0
1.0,1.0
1.0,1.0
1.0,1.0
1.0,1.0
1.0,1.0
1.0,1.0
1.0,1.0
1.0,1.0
1.0,1.0
1.0,1.0
1.0,1.0
1.0,1.0
1.0,1.0
1.0,1.0
1.0,1.0
1.0,1.0
1.0,1.0
1.0,1.0
1.0,1.0
1.0,1.0
1.0,1.0
1.0,1.0
1.0,1.0
1.0,1.0
1.0,1.0
1.0,1.0
1.0,1.0
1.0,1.0
1.0,1.0
1.0,1.0
1.0,1.0
1.0,1.0
1.0,1.0
1.0,1.0
1.0,1.0
1.0,1.0
1.0,1.0
1.0,1.0
1.0,1.0
1.0,1.0
1.0,1.0
1.0,1.0
1.0,1.0
1.0,1.0
1.0,1.0
1.0,1.0
1.0,1.0
1.0,1.0
1.0,1.0
1.0,1.0
1.0,1.0
1.0,1.0
1.0,1.0
1.0,1.0
1.0,1.0
1.0,1.0
1.0,1.0
1.0,1.0
1.0,1.0
1.0,1.0
1.0,1.0
1.0,1.0
1.0,1.0
1.0,1.0
1.0,1.0
1.0,1.0
1.0,1.0
1.0,1.0
1.0,1.0
1.0,1.0
1.0,1.0
1.0,1.0
1.0,1.0
1.0,1.0
1.0,1.0
1.0,1.0
1.0,1.0
1.0,1.0
1.0,1.0
1.0,1.0
1.0,1.0
1.0,1.0
1.0,1.0
1.0,1.0
1.0,1.0
1.0,1.0
1.0,1.0
1.0,1.0
1.0,1.0
1.0,1.0
1.0,1.0
1.0,1.0
1.0,1.0
1.0,1.0
1.0,1.0
1.0,1.0
1.0,1.0
1.0,1.0
1.0,1.0
1.0,1.0
1.0,1.0
1.0,1.0
1.0,1.0
1.0,1.0
1.0,1.0
1.0,1.0
1.0,1.0
1.0,1.0
1.0,1.0
1.0,1.0
1.0,1.0
1.0,1.0
1.0,1.0
1.0,1.0
1.0,1.0
1.0,1.0
1.0,1.0
1.0,1.0
1.0,1.0
1.0,1.0
1.0,1.0
1.0,1.0
1.0,1.0
1.0,1.0
1.0,1.0
1.0,1.0
1.0,1.0
1.0,1.0
1.0,1.0
1.0,1.0
1.0,1.0
1.0,1.0
1.0,1.0
1.0,1.0
1.0,1.0
1.0,1.0
1.0,1.0
1.0,1.0
1.0,1.0
1.0,1.0
1.0,1.0
1.0,1.0
1.0,1.0
1.0,1.0
1.0,1.0
1.0,1.0
1.0,1.0
1.0,1.0
1.0,1.0
1.0,1.0
1.0,1.0
1.0,1.0
1.0,1.0
1.0,1.0
1.0,1.0
1.0,1.0
1.0,1.0
1.0,1.0
1.0,1.0
1.0,1.0
1.0,1.0
1.0,1.0
1.0,1.0
1.0,1.0
1.0,1.0
1.0,1.0
1.0,1.0
1.0,1.0
1.0,1.0
1.0,1.0
1.0,1.0
1.0,1.0
1.0,1.0
1.0,1.0
1.0,1.0
1.0,1.0
1.0,1.0
1.0,1.0
1.0,1.0
1.0,1.0
1.0,1.0
1.0,1.0
1.0,1.0
1.0,1.0
1.0,1.0
1.0,1.0
1.0,1.0
1.0,1.0
1.0,1.0
1.0,1.0
1.0,1.0
1.0,1.0
1.0,1.0
1.0,1.0
1.0,1.0
1.0,1.0
1.0,1.0
1.0,1.0
1.0,1.0
1.0,1.0
1.0,1.0
1.0,1.0
1.0,1.0
1.0,1.0
1.0,1.0
1.0,1.0
1.0,1.0
1.0,1.0
1.0,1.0
1.0,1.0
1.0,1.0
1.0,1.0
1.0,1.0
1.0,1.0
1.0,1.0
1.0,1.0
1.0,1.0
1.0,1.0
1.0,1.0
1.0,1.0
1.0,1.0
1.0,1.0
1.0,1.0
1.0,1.0
1.0,1.0
1.0,1.0
1.0,1.0
1.0,1.0
1.0,1.0
1.0,1.0
1.0,1.0
1.0,1.0
1.0,1.0
1.0,1.0
1.0,1.0
1.0,1.0
1.0,1.0
1.0,1.0
1.0,1.0
1.0,1.0
1.0,1.0
1.0,1.0
1.0,1.0
1.0,1.0
1.0,1.0
1.0,1.0
1.0,1.0
1.0,1.0
1.0,1.0
1.0,1.0
1.0,1.0
1.0,1.0
1.0,1.0
1.0,1.0
1.0,1.0
1.0,1.0
1.0,1.0
1.0,1.0
1.0,1.0
1.0,1.0
1.0,1.0
1.0,1.0
1.0,1.0
1.0,1.0
1.0,1.0
1.0,1.0
1.0,1.0
1.0,1.0
1.0,1.0
1.0,1.0
1.0,1.0
1.0,1.0
1.0,1.0
1.0,1.0
1.0,1.0
1.0,1.0
1.0,1.0
1.0,1.0
1.0,1.0
1.0,1.0
1.0,1.0
1.0,1.0
1.0,1.0
1.0,1.0
1.0,1.0
1.0,1.0
1.0,1.0
1.0,1.0
1.0,1.0
1.0,1.0
1.0,1.0
1.0,1.0
1.0,1.0
1.0,1.0
1.0,1.0
1.0,1.0
1.0,1.0
1.0,1.0
1.0,1.0
1.0,1.0
1.0,1.0
1.0,1.0
1.0,1.0
1.0,1.0
1.0,1.0
1.0,1.0
1.0,1.0
1.0,1.0
1.0,1.0
1.0,1.0
1.0,1.0
1.0,1.0
1.0,1.0
1.0,1.0
1.0,1.0
1.0,1.0
1.0,1.0
1.0,1.0
1.0,1.0
1.0,1.0
1.0,1.0
1.0,1.0
1.0,1.0
1.0,1.0
1.0,1.0
1.0,1.0
1.0,1.0
1.0,1.0
1.0,1.0
1.0,1.0
1.0,1.0
1.0,1.0
1.0,1.0
1.0,1.0
1.0,1.0
1.0,1.0
1.0,1.0
1.0,1.0
1.0,1.0
1.0,1.0
1.0,1.0
1.0,1.0
1.0,1.0
1.0,1.0
1.0,1.0
1.0,1.0
1.0,1.0
1.0,1.0
1.0,1.0
1.0,1.0
1.0,1.0
1.0,1.0
1.0,1.0
1.0,1.0
1.0,1.0
1.0,1.0
1.0,1.0
1.0,1.0
1.0,1.0
1.0,1.0
1.0,1.0
1.0,1.0
1.0,1.0
1.0,1.0
1.0,1.0
1.0,1.0
1.0,1.0
1.0,1.0
1.0,1.0
1.0,1.0
1.0,1.0
1.0,1.0
1.0,1.0
1.0,1.0
1.0,1.0
1.0,1.0
1.0,1.0
1.0,1.0
1.0,1.0
1.0,1.0
1.0,1.0
1.0,1.0
1.0,1.0
1.0,1.0
1.0,1.0
1.0,1.0
1.0,1.0
1.0,1.0
1.0,1.0
1.0,1.0
1.0,1.0
1.0,1.0
1.0,1.0
1.0,1.0
1.0,1.0
1.0,1.0
1.0,1.0
1.0,1.0
1.0,1.0
1.0,1.0
1.0,1.0
1.0,1.0
1.0,1.0
1.0,1.0
1.0,1.0
1.0,1.0
1.0,1.0
1.0,1.0
1.0,1.0
1.0,1.0
1.0,1.0
1.0,1.0
1.0,1.0
1.0,1.0
1.0,1.0
1.0,1.0
1.0,1.0
1.0,1.0
1.0,1.0
1.0,1.0
1.0,1.0
1.0,1.0
1.0,1.0
1.0,1.0
1.0,1.0
1.0,1.0
1.0,1.0
1.0,1.0
1.0,1.0
1.0,1.0
1.0,1.0
1.0,1.0
1.0,1.0
1.0,1.0
1.0,1.0
1.0,1.0
1.0,1.0
1.0,1.0
1.0,1.0
1.0,1.0
1.0,1.0
1.0,1.0
1.0,1.0
1.0,1.0
1.0,1.0
1.0,1.0
1.0,1.0
1.0,1.0
1.0,1.0
1.0,1.0
1.0,1.0
1.0,1.0
1.0,1.0
1.0,1.0
1.0,1.0
1.0,1.0
1.0,1.0
1.0,1.0
1.0,1.0
1.0,1.0
1.0,1.0
1.0,1.0
1.0,1.0
1.0,1.0
1.0,1.0
1.0,1.0
1.0,1.0
1.0,1.0
1.0,1.0
1.0,1.0
1.0,1.0
1.0,1.0
1.0,1.0
1.0,1.0
1.0,1.0
1.0,1.0
1.0,1.0
1.0,1.0
1.0,1.0
1.0,1.0
1.0,1.0
1.0,1.0
1.0,1.0
1.0,1.0
1.0,1.0
1.0,1.0
1.0,1.0
1.0,1.0
1.0,1.0
1.0,1.0
1.0,1.0
1.0,1.0
1.0,1.0
1.0,1.0
1.0,1.0
1.0,1.0
1.0,1.0
1.0,1.0
1.0,1.0
1.0,1.0
1.0,1.0
1.0,1.0
1.0,1.0
1.0,1.0
1.0,1.0
1.0,1.0
1.0,1.0
1.0,1.0
1.0,1.0
1.0,1.0
1.0,1.0
1.0,1.0
1.0,1.0
1.0,1.0
1.0,1.0
1.0,1.0
1.0,1.0
1.0,1.0
1.0,1.0
1.0,1.0
1.0,1.0
1.0,1.0
1.0,1.0
1.0,1.0
1.0,1.0
1.0,1.0
1.0,1.0
1.0,1.0
1.0,1.0
1.0,1.0
1.0,1.0
1.0,1.0
1.0,1.0
1.0,1.0
1.0,1.0
1.0,1.0
1.0,1.0
1.0,1.0
1.0,1.0
1.0,1.0
1.0,1.0
1.0,1.0
1.0,1.0
1.0,1.0
1.0,1.0
1.0,1.0
1.0,1.0
1.0,1.0
1.0,1.0
1.0,1.0
1.0,1.0
1.0,1.0
1.0,1.0
1.0,1.0
1.0,1.0
1.0,1.0
1.0,1.0
1.0,1.0
1.0,1.0
1.0,1.0
1.0,1.0
1.0,1.0
1.0,1.0
1.0,1.0
1.0,1.0
1.0,1.0
1.0,1.0
1.0,1.0
1.0,1.0
1.0,1.0
1.0,1.0
1.0,1.0
1.0,1.0
1.0,1.0
1.0,1.0
1.0,1.0
1.0,1.0
1.0,1.0
1.0,1.0
1.0,1.0
1.0,1.0
1.0,1.0
1.0,1.0
1.0,1.0
1.0,1.0
1.0,1.0
1.0,1.0
1.0,1.0
1.0,1.0
1.0,1.0
1.0,1.0
1.0,1.0
1.0,1.0
1.0,1.0
1.0,1.0
1.0,1.0
1.0,1.0
1.0,1.0
1.0,1.0
1.0,1.0
1.0,1.0
1.0,1.0
1.0,1.0
1.0,1.0
1.0,1.0
1.0,1.0
1.0,1.0
1.0,1.0
1.0,1.0
1.0,1.0
1.0,1.0
1.0,1.0
1.0,1.0
1.0,1.0
1.0,1.0
1.0,1.0
1.0,1.0
1.0,1.0
1.0,1.0
1.0,1.0
1.0,1.0
1.0,1.0
1.0,1.0
1.0,1.0
1.0,1.0
1.0,1.0
1.0,1.0
1.0,1.0
1.0,1.0
1.0,1.0
1.0,1.0
1.0,1.0
1.0,1.0
1.0,1.0
1.0,1.0
1.0,1.0
1.0,1.0
1.0,1.0
1.0,1.0
1.0,1.0
1.0,1.0
1.0,1.0
1.0,1.0
1.0,1.0
1.0,1.0
1.0,1.0
1.0,1.0
1.0,1.0
1.0,1.0
1.0,1.0
1.0,1.0
1.0,1.0
1.0,1.0
1.0,1.0
1.0,1.0
1.0,1.0
1.0,1.0
1.0,1.0
1.0,1.0
1.0,1.0
1.0,1.0
1.0,1.0
1.0,1.0
1.0,1.0
1.0,1.0
1.0,1.0
1.0,1.0
1.0,1.0
1.0,1.0
1.0,1.0
1.0,1.0
1.0,1.0
1.0,1.0
1.0,1.0
1.0,1.0
1.0,1.0
1.0,1.0
1.0,1.0
1.0,1.0
1.0,1.0
1.0,1.0
1.0,1.0
1.0,1.0
1.0,1.0
1.0,1.0
1.0,1.0
1.0,1.0
1.0,1.0
1.0,1.0
1.0,1.0
1.0,1.0
1.0,1.0
1.0,1.0
1.0,1.0
1.0,1.0
1.0,1.0
1.0,1.0
1.0,1.0
1.0,1.0
1.0,1.0
1.0,1.0
1.0,1.0
1.0,1.0
1.0,1.0
1.0,1.0
1.0,1.0
1.0,1.0
1.0,1.0
1.0,1.0
1.0,1.0
1.0,1.0
1.0,1.0
1.0,1.0
1.0,1.0
1.0,1.0
1.0,1.0
1.0,1.0
1.0,1.0
1.0,1.0
1.0,1.0
1.0,1.0
1.0,1.0
1.0,1.0
1.0,1.0
1.0,1.0
1.0,1.0
1.0,1.0
1.0,1.0
1.0,1.0
1.0,1.0
1.0,1.0
1.0,1.0
1.0,1.0
1.0,1.0
1.0,1.0
1.0,1.0
1.0,1.0
1.0,1.0
1.0,1.0
1.0,1.0
1.0,1.0
1.0,1.0
1.0,1.0
1.0,1.0
1.0,1.0
1.0,1.0
1.0,1.0
1.0,1.0
1.0,1.0
1.0,1.0
1.0,1.0
1.0,1.0
1.0,1.0
1.0,1.0
1.0,1.0
1.0,1.0
1.0,1.0
1.0,1.0
1.0,1.0
1.0,1.0
1.0,1.0
1.0,1.0
1.0,1.0
1.0,1.0
1.0,1.0
1.0,1.0
1.0,1.0
1.0,1.0
1.0,1.0
1.0,1.0
1.0,1.0
1.0,1.0
1.0,1.0
1.0,1.0
1.0,1.0
1.0,1.0
1.0,1.0
1.0,1.0
1.0,1.0
1.0,1.0
1.0,1.0
1.0,1.0
1.0,1.0
1.0,1.0
1.0,1.0
1.0,1.0
1.0,1.0
1.0,1.0
1.0,1.0
1.0,1.0
1.0,1.0
1.0,1.0
1.0,1.0
1.0,1.0
1.0,1.0
1.0,1.0
1.0,1.0
1.0,1.0
1.0,1.0
1.0,1.0
1.0,1.0
1.0,1.0
1.0,1.0
1.0,1.0
1.0,1.0
1.0,1.0
1.0,1.0
1.0,1.0
1.0,1.0
1.0,1.0
1.0,1.0
1.0,1.0
1.0,1.0
1.0,1.0
1.0,1.0
1.0,1.0
1.0,1.0
1.0,1.0
1.0,1.0
1.0,1.0
1.0,1.0
1.0,1.0
1.0,1.0
1.0,1.0
1.0,1.0
1.0,1.0
1.0,1.0
1.0,1.0
1.0,1.0
1.0,1.0
1.0,1.0
1.0,1.0
1.0,1.0
1.0,1.0
1.0,1.0
1.0,1.0
1.0,1.0
1.0,1.0
1.0,1.0
1.0,1.0
1.0,1.0
1.0,1.0
1.0,1.0
1.0,1.0
1.0,1.0
1.0,1.0
1.0,1.0
1.0,1.0
1.0,1.0
1.0,1.0
1.0,1.0
1.0,1.0
1.0,1.0
1.0,1.0
1.0,1.0
1.0,1.0
1.0,1.0
1.0,1.0
1.0,1.0
1.0,1.0
1.0,1.0
1.0,1.0
1.0,1.0
1.0,1.0
1.0,1.0
1.0,1.0
1.0,1.0
1.0,1.0
1.0,1.0
1.0,1.0
1.0,1.0
1.0,1.0
1.0,1.0
1.0,1.0
1.0,1.0
1.0,1.0
1.0,1.0
1.0,1.0
1.0,1.0
1.0,1.0
1.0,1.0
1.0,1.0
1.0,1.0
1.0,1.0
1.0,1.0
1.0,1.0
1.0,1.0
1.0,1.0
1.0,1.0
1.0,1.0
1.0,1.0
1.0,1.0
1.0,1.0
1.0,1.0
1.0,1.0
1.0,1.0
1.0,1.0
1.0,1.0
1.0,1.0
1.0,1.0
1.0,1.0
1.0,1.0
1.0,1.0
1.0,1.0
1.0,1.0
1.0,1.0
1.0,1.0
1.0,1.0
1.0,1.0
1.0,1.0
1.0,1.0
1.0,1.0
1.0,1.0
1.0,1.0
1.0,1.0
1.0,1.0
1.0,1.0
1.0,1.0
1.0,1.0
1.0,1.0
1.0,1.0
1.0,1.0
1.0,1.0
1.0,1.0
1.0,1.0
1.0,1.0
1.0,1.0
1.0,1.0
1.0,1.0
1.0,1.0
1.0,1.0
1.0,1.0
1.0,1.0
1.0,1.0
1.0,1.0
1.0,1.0
1.0,1.0
1.0,1.0
1.0,1.0
1.0,1.0
1.0,1.0
1.0,1.0
1.0,1.0
1.0,1.0
1.0,1.0
1.0,1.0
1.0,1.0
1.0,1.0
1.0,1.0
1.0,1.0
1.0,1.0
1.0,1.0
1.0,1.0
1.0,1.0
1.0,1.0
1.0,1.0
1.0,1.0
1.0,1.0
1.0,1.0
1.0,1.0
1.0,1.0
1.0,1.0
1.0,1.0
1.0,1.0
1.0,1.0
1.0,1.0
1.0,1.0
1.0,1.0
1.0,1.0
1.0,1.0
1.0,1.0
1.0,1.0
1.0,1.0
1.0,1.0
1.0,1.0
1.0,1.0
1.0,1.0
1.0,1.0
1.0,1.0
1.0,1.0
1.0,1.0
1.0,1.0
1.0,1.0
1.0,1.0
1.0,1.0
1.0,1.0
1.0,1.0
1.0,1.0
1.0,1.0
1.0,1.0
1.0,1.0
1.0,1.0
1.0,1.0
1.0,1.0
1.0,1.0
1.0,1.0
1.0,1.0
1.0,1.0
1.0,1.0
1.0,1.0
1.0,1.0
1.0,1.0
1.0,1.0
1.0,1.0
1.0,1.0
1.0,1.0
1.0,1.0
1.0,1.0
1.0,1.0
1.0,1.0
1.0,1.0
1.0,1.0
1.0,1.0
1.0,1.0
1.0,1.0
1.0,1.0
1.0,1.0
1.0,1.0
1.0,1.0
1.0,1.0
1.0,1.0
1.0,1.0
1.0,1.0
1.0,1.0
1.0,1.0
1.0,1.0
1.0,1.0
1.0,1.0
1.0,1.0
1.0,1.0
1.0,1.0
1.0,1.0
1.0,1.0
1.0,1.0
1.0,1.0
1.0,1.0
1.0,1.0
1.0,1.0
1.0,1.0
1.0,1.0
1.0,1.0
1.0,1.0
1.0,1.0
1.0,1.0
1.0,1.0
1.0,1.0
1.0,1.0
1.0,1.0
1.0,1.0
1.0,1.0
1.0,1.0
1.0,1.0
1.0,1.0
1.0,1.0
1.0,1.0
1.0,1.0
1.0,1.0
1.0,1.0
1.0,1.0
1.0,1.0
1.0,1.0
1.0,1.0
1.0,1.0
1.0,1.0
1.0,1.0
1.0,1.0
1.0,1.0
1.0,1.0
1.0,1.0
1.0,1.0
1.0,1.0
1.0,1.0
1.0,1.0
1.0,1.0
1.0,1.0
1.0,1.0
1.0,1.0
1.0,1.0
1.0,1.0
1.0,1.0
1.0,1.0
1.0,1.0
1.0,1.0
1.0,1.0
1.0,1.0
1.0,1.0
1.0,1.0
1.0,1.0
1.0,1.0
1.0,1.0
1.0,1.0
1.0,1.0
1.0,1.0
1.0,1.0
1.0,1.0
1.0,1.0
1.0,1.0
1.0,1.0
1.0,1.0
1.0,1.0
1.0,1.0
1.0,1.0
1.0,1.0
1.0,1.0
1.0,1.0
1.0,1.0
1.0,1.0
1.0,1.0
1.0,1.0
1.0,1.0
1.0,1.0
1.0,1.0
1.0,1.0
1.0,1.0
1.0,1.0
1.0,1.0
1.0,1.0
1.0,1.0
1.0,1.0
1.0,1.0
1.0,1.0
1.0,1.0
1.0,1.0
1.0,1.0
1.0,1.0
1.0,1.0
1.0,1.0
1.0,1.0
1.0,1.0
1.0,1.0
1.0,1.0
1.0,1.0
1.0,1.0
1.0,1.0
1.0,1.0
1.0,1.0
1.0,1.0
1.0,1.0
1.0,1.0
1.0,1.0
1.0,1.0
1.0,1.0
1.0,1.0
1.0,1.0
1.0,1.0
1.0,1.0
1.0,1.0
1.0,1.0
1.0,1.0
1.0,1.0
1.0,1.0
1.0,1.0
1.0,1.0
1.0,1.0
1.0,1.0
1.0,1.0
1.0,1.0
1.0,1.0
1.0,1.0
1.0,1.0
1.0,1.0
1.0,1.0
1.0,1.0
1.0,1.0
1.0,1.0
1.0,1.0
1.0,1.0
1.0,1.0
1.0,1.0
1.0,1.0
1.0,1.0
1.0,1.0
1.0,1.0
1.0,1.0
1.0,1.0
1.0,1.0
1.0,1.0
1.0,1.0
1.0,1.0
1.0,1.0
1.0,1.0
1.0,1.0
1.0,1.0
1.0,1.0
1.0,1.0
1.0,1.0
1.0,1.0
1.0,1.0
1.0,1.0
1.0,1.0
1.0,1.0
1.0,1.0
1.0,1.0
1.0,1.0
1.0,1.0
1.0,1.0
1.0,1.0
1.0,1.0
1.0,1.0
1.0,1.0
1.0,1.0
1.0,1.0
1.0,1.0
1.0,1.0
1.0,1.0
1.0,1.0
1.0,1.0
1.0,1.0
1.0,1.0
1.0,1.0
1.0,1.0
1.0,1.0
1.0,1.0
1.0,1.0
1.0,1.0
1.0,1.0
1.0,1.0
1.0,1.0
1.0,1.0
1.0,1.0
1.0,1.0
1.0,1.0
1.0,1.0
1.0,1.0
1.0,1.0
1.0,1.0
1.0,1.0
1.0,1.0
1.0,1.0
1.0,1.0
1.0,1.0
1.0,1.0
1.0,1.0
1.0,1.0
1.0,1.0
1.0,1.0
1.0,1.0
1.0,1.0
1.0,1.0
1.0,1.0
1.0,1.0
1.0,1.0
1.0,1.0
1.0,1.0
1.0,1.0
1.0,1.0
1.0,1.0
1.0,1.0
1.0,1.0
1.0,1.0
1.0,1.0
1.0,1.0
1.0,1.0
1.0,1.0
1.0,1.0
1.0,1.0
1.0,1.0
1.0,1.0
1.0,1.0
1.0,1.0
1.0,1.0
1.0,1.0
1.0,1.0
1.0,1.0
1.0,1.0
1.0,1.0
1.0,1.0
1.0,1.0
1.0,1.0
1.0,1.0
1.0,1.0
1.0,1.0
1.0,1.0
1.0,1.0
1.0,1.0
1.0,1.0
1.0,1.0
1.0,1.0
1.0,1.0
1.0,1.0
1.0,1.0
1.0,1.0
1.0,1.0
1.0,1.0
1.0,1.0
1.0,1.0
1.0,1.0
1.0,1.0
1.0,1.0
1.0,1.0
1.0,1.0
1.0,1.0
1.0,1.0
1.0,1.0
1.0,1.0
1.0,1.0
1.0,1.0
1.0,1.0
1.0,1.0
1.0,1.0
1.0,1.0
1.0,1.0
1.0,1.0
1.0,1.0
1.0,1.0
1.0,1.0
1.0,1.0
1.0,1.0
1.0,1.0
1.0,1.0
1.0,1.0
1.0,1.0
1.0,1.0
1.0,1.0
1.0,1.0
1.0,1.0
1.0,1.0
1.0,1.0
1.0,1.0
1.0,1.0
1.0,1.0
1.0,1.0
1.0,1.0
1.0,1.0
1.0,1.0
1.0,1.0
1.0,1.0
1.0,1.0
1.0,1.0
1.0,1.0
1.0,1.0
1.0,1.0
1.0,1.0
1.0,1.0
1.0,1.0
1.0,1.0
1.0,1.0
1.0,1.0
1.0,1.0
1.0,1.0
1.0,1.0
1.0,1.0
1.0,1.0
1.0,1.0
1.0,1.0
1.0,1.0
1.0,1.0
1.0,1.0
1.0,1.0
1.0,1.0
1.0,1.0
1.0,1.0
1.0,1.0
1.0,1.0
1.0,1.0
1.0,1.0
1.0,1.0
1.0,1.0
1.0,1.0
1.0,1.0
1.0,1.0
1.0,1.0
1.0,1.0
1.0,1.0
1.0,1.0
1.0,1.0
1.0,1.0
1.0,1.0
1.0,1.0
1.0,1.0
1.0,1.0
1.0,1.0
1.0,1.0
1.0,1.0
1.0,1.0
1.0,1.0
1.0,1.0
1.0,1.0
1.0,1.0
1.0,1.0
1.0,1.0
1.0,1.0
1.0,1.0
1.0,1.0
1.0,1.0
1.0,1.0
1.0,1.0
1.0,1.0
1.0,1.0
1.0,1.0
1.0,1.0
1.0,1.0
1.0,1.0
1.0,1.0
1.0,1.0
1.0,1.0
1.0,1.0
1.0,1.0
1.0,1.0
1.0,1.0
1.0,1.0
1.0,1.0
1.0,1.0
1.0,1.0
1.0,1.0
1.0,1.0
1.0,1.0
1.0,1.0
1.0,1.0
1.0,1.0
1.0,1.0
1.0,1.0
1.0,1.0
1.0,1.0
1.0,1.0
1.0,1.0
1.0,1.0
1.0,1.0
1.0,1.0
1.0,1.0
1.0,1.0
1.0,1.0
1.0,1.0
1.0,1.0
1.0,1.0
1.0,1.0
1.0,1.0
1.0,1.0
1.0,1.0
1.0,1.0
1.0,1.0
1.0,1.0
1.0,1.0
1.0,1.0
1.0,1.0
1.0,1.0
1.0,1.0
1.0,1.0
1.0,1.0
1.0,1.0
1.0,1.0
1.0,1.0
1.0,1.0
1.0,1.0
1.0,1.0
1.0,1.0
1.0,1.0
1.0,1.0
1.0,1.0
1.0,1.0
1.0,1.0
1.0,1.0
1.0,1.0
1.0,1.0
1.0,1.0
1.0,1.0
1.0,1.0
1.0,1.0
1.0,1.0
1.0,1.0
1.0,1.0
1.0,1.0
1.0,1.0
1.0,1.0
1.0,1.0
1.0,1.0
1.0,1.0
1.0,1.0
1.0,1.0
1.0,1.0
1.0,1.0
1.0,1.0
1.0,1.0
1.0,1.0
1.0,1.0
1.0,1.0
1.0,1.0
1.0,1.0
1.0,1.0
1.0,1.0
1.0,1.0
1.0,1.0
1.0,1.0
1.0,1.0
1.0,1.0
1.0,1.0
1.0,1.0
1.0,1.0
1.0,1.0
1.0,1.0
1.0,1.0
1.0,1.0
1.0,1.0
1.0,1.0
1.0,1.0
1.0,1.0
1.0,1.0
1.0,1.0
1.0,1.0
1.0,1.0
1.0,1.0
1.0,1.0
1.0,1.0
1.0,1.0
1.0,1.0
1.0,1.0
1.0,1.0
1.0,1.0
1.0,1.0
1.0,1.0
1.0,1.0
1.0,1.0
1.0,1.0
1.0,1.0
1.0,1.0
1.0,1.0
1.0,1.0
1.0,1.0
1.0,1.0
1.0,1.0
1.0,1.0
1.0,1.0
1.0,1.0
1.0,1.0
1.0,1.0
1.0,1.0
1.0,1.0
1.0,1.0
1.0,1.0
1.0,1.0
1.0,1.0
1.0,1.0
1.0,1.0
1.0,1.0
1.0,1.0
1.0,1.0
1.0,1.0
1.0,1.0
1.0,1.0
1.0,1.0
1.0,1.0
1.0,1.0
1.0,1.0
1.0,1.0
1.0,1.0
1.0,1.0
1.0,1.0
1.0,1.0
1.0,1.0
1.0,1.0
1.0,1.0
1.0,1.0
1.0,1.0
1.0,1.0
1.0,1.0
1.0,1.0
1.0,1.0
1.0,1.0
1.0,1.0
1.0,1.0
1.0,1.0
1.0,1.0
1.0,1.0
1.0,1.0
1.0,1.0
1.0,1.0
1.0,1.0
1.0,1.0
1.0,1.0
1.0,1.0
1.0,1.0
1.0,1.0
1.0,1.0
1.0,1.0
1.0,1.0
1.0,1.0
1.0,1.0
1.0,1.0
1.0,1.0
1.0,1.0
1.0,1.0
1.0,1.0
1.0,1.0
1.0,1.0
1.0,1.0
1.0,1.0
1.0,1.0
1.0,1.0
1.0,1.0
1.0,1.0
1.0,1.0
1.0,1.0
1.0,1.0
1.0,1.0
1.0,1.0
1.0,1.0
1.0,1.0
1.0,1.0
1.0,1.0
1.0,1.0
1.0,1.0
1.0,1.0
1.0,1.0
1.0,1.0
1.0,1.0
1.0,1.0
1.0,1.0
1.0,1.0
1.0,1.0
1.0,1.0
1.0,1.0
1.0,1.0
1.0,1.0
1.0,1.0
1.0,1.0
1.0,1.0
1.0,1.0
1.0,1.0
1.0,1.0
1.0,1.0
1.0,1.0
1.0,1.0
1.0,1.0
1.0,1.0
1.0,1.0
1.0,1.0
1.0,1.0
1.0,1.0
1.0,1.0
1.0,1.0
1.0,1.0
1.0,1.0
1.0,1.0
1.0,1.0
1.0,1.0
1.0,1.0
1.0,1.0
1.0,1.0
1.0,1.0
1.0,1.0
1.0,1.0
1.0,1.0
1.0,1.0
1.0,1.0
1.0,1.0
1.0,1.0
1.0,1.0
1.0,1.0
1.0,1.0
1.0,1.0
1.0,1.0
1.0,1.0
1.0,1.0
1.0,1.0
1.0,1.0
1.0,1.0
1.0,1.0
1.0,1.0
1.0,1.0
1.0,1.0
1.0,1.0
1.0,1.0
1.0,1.0
1.0,1.0
1.0,1.0
1.0,1.0
1.0,1.0
1.0,1.0
1.0,1.0
1.0,1.0
1.0,1.0
1.0,1.0
1.0,1.0
1.0,1.0
1.0,1.0
1.0,1.0
1.0,1.0
1.0,1.0
1.0,1.0
1.0,1.0
1.0,1.0
1.0,1.0
1.0,1.0
1.0,1.0
1.0,1.0
1.0,1.0
1.0,1.0
1.0,1.0
1.0,1.0
1.0,1.0
1.0,1.0
1.0,1.0
1.0,1.0
1.0,1.0
1.0,1.0
1.0,1.0
1.0,1.0
1.0,1.0
1.0,1.0
1.0,1.0
1.0,1.0
1.0,1.0
1.0,1.0
1.0,1.0
1.0,1.0
1.0,1.0
1.0,1.0
1.0,1.0
1.0,1.0
1.0,1.0
1.0,1.0
1.0,1.0
1.0,1.0
1.0,1.0
1.0,1.0
1.0,1.0
1.0,1.0
1.0,1.0
1.0,1.0
1.0,1.0
1.0,1.0
1.0,1.0
1.0,1.0
1.0,1.0
1.0,1.0
1.0,1.0
1.0,1.0
1.0,1.0
1.0,1.0
1.0,1.0
1.0,1.0
1.0,1.0
1.0,1.0
1.0,1.0
1.0,1.0
1.0,1.0
1.0,1.0
1.0,1.0
1.0,1.0
1.0,1.0
1.0,1.0
1.0,1.0
1.0,1.0
1.0,1.0
1.0,1.0
1.0,1.0
1.0,1.0
1.0,1.0
1.0,1.0
1.0,1.0
1.0,1.0
1.0,1.0
1.0,1.0
1.0,1.0
1.0,1.0
1.0,1.0
1.0,1.0
1.0,1.0
1.0,1.0
1.0,1.0
1.0,1.0
1.0,1.0
1.0,1.0
1.0,1.0
1.0,1.0
1.0,1.0
1.0,1.0
1.0,1.0
1.0,1.0
1.0,1.0
1.0,1.0
1.0,1.0
1.0,1.0
1.0,1.0
1.0,1.0
1.0,1.0
1.0,1.0
1.0,1.0
1.0,1.0
1.0,1.0
1.0,1.0
1.0,1.0
1.0,1.0
1.0,1.0
1.0,1.0
1.0,1.0
1.0,1.0
1.0,1.0
1.0,1.0
1.0,1.0
1.0,1.0
1.0,1.0
1.0,1.0
1.0,1.0
1.0,1.0
1.0,1.0
1.0,1.0
1.0,1.0
1.0,1.0
1.0,1.0
1.0,1.0
1.0,1.0
1.0,1.0
1.0,1.0
1.0,1.0
1.0,1.0
1.0,1.0
1.0,1.0
1.0,1.0
1.0,1.0
1.0,1.0
1.0,1.0
1.0,1.0
1.0,1.0
1.0,1.0
1.0,1.0
1.0,1.0
1.0,1.0
1.0,1.0
1.0,1.0
1.0,1.0
1.0,1.0
1.0,1.0
1.0,1.0
1.0,1.0
1.0,1.0
1.0,1.0
1.0,1.0
1.0,1.0
1.0,1.0
1.0,1.0
1.0,1.0
1.0,1.0
1.0,1.0
1.0,1.0
1.0,1.0
1.0,1.0
1.0,1.0
1.0,1.0
1.0,1.0
1.0,1.0
1.0,1.0
1.0,1.0
1.0,1.0
1.0,1.0
1.0,1.0
1.0,1.0
1.0,1.0
1.0,1.0
1.0,1.0
1.0,1.0
1.0,1.0
1.0,1.0
1.0,1.0
1.0,1.0
1.0,1.0
1.0,1.0
1.0,1.0
1.0,1.0
1.0,1.0
1.0,1.0
1.0,1.0
1.0,1.0
1.0,1.0
1.0,1.0
1.0,1.0
1.0,1.0
1.0,1.0
1.0,1.0
1.0,1.0
1.0,1.0
1.0,1.0
1.0,1.0
1.0,1.0
1.0,1.0
1.0,1.0
1.0,1.0
1.0,1.0
1.0,1.0
1.0,1.0
1.0,1.0
1.0,1.0
1.0,1.0
1.0,1.0
1.0,1.0
1.0,1.0
1.0,1.0
1.0,1.0
1.0,1.0
1.0,1.0
1.0,1.0
1.0,1.0
1.0,1.0
1.0,1.0
1.0,1.0
1.0,1.0
1.0,1.0
1.0,1.0
1.0,1.0
1.0,1.0
1.0,1.0
1.0,1.0
1.0,1.0
1.0,1.0
1.0,1.0
1.0,1.0
1.0,1.0
1.0,1.0
1.0,1.0
1.0,1.0
1.0,1.0
1.0,1.0
1.0,1.0
1.0,1.0
1.0,1.0
1.0,1.0
1.0,1.0
1.0,1.0
1.0,1.0
1.0,1.0
1.0,1.0
1.0,1.0
1.0,1.0
1.0,1.0
1.0,1.0
1.0,1.0
1.0,1.0
1.0,1.0
1.0,1.0
1.0,1.0
1.0,1.0
1.0,1.0
1.0,1.0
1.0,1.0
1.0,1.0
1.0,1.0
1.0,1.0
1.0,1.0
1.0,1.0
1.0,1.0
1.0,1.0
1.0,1.0
1.0,1.0
1.0,1.0
1.0,1.0
1.0,1.0
1.0,1.0
1.0,1.0
1.0,1.0
1.0,1.0
1.0,1.0
1.0,1.0
1.0,1.0
1.0,1.0
1.0,1.0
1.0,1.0
1.0,1.0
1.0,1.0
1.0,1.0
1.0,1.0
1.0,1.0
1.0,1.0
1.0,1.0
1.0,1.0
1.0,1.0
1.0,1.0
1.0,1.0
1.0,1.0
1.0,1.0
1.0,1.0
1.0,1.0
1.0,1.0
1.0,1.0
1.0,1.0
1.0,1.0
1.0,1.0
1.0,1.0
1.0,1.0
1.0,1.0
1.0,1.0
1.0,1.0
1.0,1.0
1.0,1.0
1.0,1.0
1.0,1.0
1.0,1.0
1.0,1.0
1.0,1.0
1.0,1.0
1.0,1.0
1.0,1.0
1.0,1.0
1.0,1.0
1.0,1.0
1.0,1.0
1.0,1.0
1.0,1.0
1.0,1.0
1.0,1.0
1.0,1.0
1.0,1.0
1.0,1.0
1.0,1.0
1.0,1.0
1.0,1.0
1.0,1.0
1.0,1.0
1.0,1.0
1.0,1.0
1.0,1.0
1.0,1.0
1.0,1.0
1.0,1.0
1.0,1.0
1.0,1.0
1.0,1.0
1.0,1.0
1.0,1.0
1.0,1.0
1.0,1.0
1.0,1.0
1.0,1.0
1.0,1.0
1.0,1.0
1.0,1.0
1.0,1.0
1.0,1.0
1.0,1.0
1.0,1.0
1.0,1.0
1.0,1.0
1.0,1.0
1.0,1.0
1.0,1.0
1.0,1.0
1.0,1.0
1.0,1.0
1.0,1.0
1.0,1.0
1.0,1.0
1.0,1.0
1.0,1.0
1.0,1.0
1.0,1.0
1.0,1.0
1.0,1.0
1.0,1.0
1.0,1.0
1.0,1.0
1.0,1.0
1.0,1.0
1.0,1.0
1.0,1.0
1.0,1.0
1.0,1.0
1.0,1.0
1.0,1.0
1.0,1.0
1.0,1.0
1.0,1.0
1.0,1.0
1.0,1.0
1.0,1.0
1.0,1.0
1.0,1.0
1.0,1.0
1.0,1.0
1.0,1.0
1.0,1.0
1.0,1.0
1.0,1.0
1.0,1.0
1.0,1.0
1.0,1.0
1.0,1.0
1.0,1.0
1.0,1.0
1.0,1.0
1.0,1.0
1.0,1.0
1.0,1.0
1.0,1.0
1.0,1.0
1.0,1.0
1.0,1.0
1.0,1.0
1.0,1.0
1.0,1.0
1.0,1.0
1.0,1.0
1.0,1.0
1.0,1.0
1.0,1.0
1.0,1.0
1.0,1.0
1.0,1.0
1.0,1.0
1.0,1.0
1.0,1.0
1.0,1.0
1.0,1.0
1.0,1.0
1.0,1.0
1.0,1.0
1.0,1.0
1.0,1.0
1.0,1.0
1.0,1.0
1.0,1.0
1.0,1.0
1.0,1.0
1.0,1.0
1.0,1.0
1.0,1.0
1.0,1.0
1.0,1.0
1.0,1.0
1.0,1.0
1.0,1.0
1.0,1.0
1.0,1.0
1.0,1.0
1.0,1.0
1.0,1.0
1.0,1.0
1.0,1.0
1.0,1.0
1.0,1.0
1.0,1.0
1.0,1.0
1.0,1.0
1.0,1.0
1.0,1.0
1.0,1.0
1.0,1.0
1.0,1.0
1.0,1.0
1.0,1.0
1.0,1.0
1.0,1.0
1.0,1.0
1.0,1.0
1.0,1.0
1.0,1.0
1.0,1.0
1.0,1.0
1.0,1.0
1.0,1.0
1.0,1.0
1.0,1.0
1.0,1.0
1.0,1.0
1.0,1.0
1.0,1.0
1.0,1.0
1.0,1.0
1.0,1.0
1.0,1.0
1.0,1.0
1.0,1.0
1.0,1.0
1.0,1.0
1.0,1.0
1.0,1.0
1.0,1.0
1.0,1.0
1.0,1.0
1.0,1.0
1.0,1.0
1.0,1.0
1.0,1.0
1.0,1.0
1.0,1.0
1.0,1.0
1.0,1.0
1.0,1.0
1.0,1.0
1.0,1.0
1.0,1.0
1.0,1.0
1.0,1.0
1.0,1.0
1.0,1.0
1.0,1.0
1.0,1.0
1.0,1.0
1.0,1.0
1.0,1.0
1.0,1.0
1.0,1.0
1.0,1.0
1.0,1.0
1.0,1.0
1.0,1.0
1.0,1.0
1.0,1.0
1.0,1.0
1.0,1.0
1.0,1.0
1.0,1.0
1.0,1.0
1.0,1.0
1.0,1.0
1.0,1.0
1.0,1.0
1.0,1.0
1.0,1.0
1.0,1.0
1.0,1.0
1.0,1.0
1.0,1.0
1.0,1.0
1.0,1.0
1.0,1.0
1.0,1.0
1.0,1.0
1.0,1.0
1.0,1.0
1.0,1.0
1.0,1.0
1.0,1.0
1.0,1.0
1.0,1.0
1.0,1.0
1.0,1.0
1.0,1.0
1.0,1.0
1.0,1.0
1.0,1.0
1.0,1.0
1.0,1.0
1.0,1.0
1.0,1.0
1.0,1.0
1.0,1.0
1.0,1.0
1.0,1.0
1.0,1.0
1.0,1.0
1.0,1.0
1.0,1.0
1.0,1.0
1.0,1.0
1.0,1.0
1.0,1.0
1.0,1.0
1.0,1.0
1.0,1.0
1.0,1.0
1.0,1.0
1.0,1.0
1.0,1.0
1.0,1.0
1.0,1.0
1.0,1.0
1.0,1.0
1.0,1.0
1.0,1.0
1.0,1.0
1.0,1.0
1.0,1.0
1.0,1.0
1.0,1.0
1.0,1.0
1.0,1.0
1.0,1.0
1.0,1.0
1.0,1.0
1.0,1.0
1.0,1.0
1.0,1.0
1.0,1.0
1.0,1.0
1.0,1.0
1.0,1.0
1.0,1.0
1.0,1.0
1.0,1.0
1.0,1.0
1.0,1.0
1.0,1.0
1.0,1.0
1.0,1.0
1.0,1.0
1.0,1.0
1.0,1.0
1.0,1.0
1.0,1.0
1.0,1.0
1.0,1.0
1.0,1.0
1.0,1.0
1.0,1.0
1.0,1.0
1.0,1.0
1.0,1.0
1.0,1.0
1.0,1.0
1.0,1.0
1.0,1.0
1.0,1.0
1.0,1.0
1.0,1.0
1.0,1.0
1.0,1.0
1.0,1.0
1.0,1.0
1.0,1.0
1.0,1.0
1.0,1.0
1.0,1.0
1.0,1.0
1.0,1.0
1.0,1.0
1.0,1.0
1.0,1.0
1.0,1.0
1.0,1.0
1.0,1.0
1.0,1.0
1.0,1.0
1.0,1.0
1.0,1.0
1.0,1.0
1.0,1.0
1.0,1.0
1.0,1.0
1.0,1.0
1.0,1.0
1.0,1.0
1.0,1.0
1.0,1.0
1.0,1.0
1.0,1.0
1.0,1.0
1.0,1.0
1.0,1.0
1.0,1.0
1.0,1.0
1.0,1.0
1.0,1.0
1.0,1.0
1.0,1.0
1.0,1.0
1.0,1.0
1.0,1.0
1.0,1.0
1.0,1.0
1.0,1.0
1.0,1.0
1.0,1.0
1.0,1.0
1.0,1.0
1.0,1.0
1.0,1.0
1.0,1.0
1.0,1.0
1.0,1.0
1.0,1.0
1.0,1.0
1.0,1.0
1.0,1.0
1.0,1.0
1.0,1.0
1.0,1.0
1.0,1.0
1.0,1.0
1.0,1.0
1.0,1.0
1.0,1.0
1.0,1.0
1.0,1.0
1.0,1.0
1.0,1.0
1.0,1.0
1.0,1.0
1.0,1.0
1.0,1.0
1.0,1.0
1.0,1.0
1.0,1.0
1.0,1.0
1.0,1.0
1.0,1.0
1.0,1.0
1.0,1.0
1.0,1.0
1.0,1.0
1.0,1.0
1.0,1.0
1.0,1.0
1.0,1.0
1.0,1.0
1.0,1.0
1.0,1.0
1.0,1.0
1.0,1.0
1.0,1.0
1.0,1.0
1.0,1.0
1.0,1.0
1.0,1.0
1.0,1.0
1.0,1.0
1.0,1.0
1.0,1.0
1.0,1.0
1.0,1.0
1.0,1.0
1.0,1.0
1.0,1.0
1.0,1.0
1.0,1.0
1.0,1.0
1.0,1.0
1.0,1.0
1.0,1.0
1.0,1.0
1.0,1.0
1.0,1.0
1.0,1.0
1.0,1.0
1.0,1.0
1.0,1.0
1.0,1.0
1.0,1.0
1.0,1.0
1.0,1.0
1.0,1.0
1.0,1.0
1.0,1.0
1.0,1.0
1.0,1.0
1.0,1.0
1.0,1.0
1.0,1.0
1.0,1.0
1.0,1.0
1.0,1.0
1.0,1.0
1.0,1.0
1.0,1.0
1.0,1.0
1.0,1.0
1.0,1.0
1.0,1.0
1.0,1.0
1.0,1.0
1.0,1.0
1.0,1.0
1.0,1.0
1.0,1.0
1.0,1.0
1.0,1.0
1.0,1.0
1.0,1.0
1.0,1.0
1.0,1.0
1.0,1.0
1.0,1.0
1.0,1.0
1.0,1.0
1.0,1.0
1.0,1.0
1.0,1.0
1.0,1.0
1.0,1.0
1.0,1.0
1.0,1.0
1.0,1.0
1.0,1.0
1.0,1.0
1.0,1.0
1.0,1.0
1.0,1.0
1.0,1.0
1.0,1.0
1.0,1.0
1.0,1.0
1.0,1.0
1.0,1.0
1.0,1.0
1.0,1.0
1.0,1.0
1.0,1.0
1.0,1.0
1.0,1.0
1.0,1.0
1.0,1.0
1.0,1.0
1.0,1.0
1.0,1.0
1.0,1.0
1.0,1.0
1.0,1.0
1.0,1.0
1.0,1.0
1.0,1.0
1.0,1.0
1.0,1.0
1.0,1.0
1.0,1.0
1.0,1.0
1.0,1.0
1.0,1.0
1.0,1.0
1.0,1.0
1.0,1.0
1.0,1.0
1.0,1.0
1.0,1.0
1.0,1.0
1.0,1.0
1.0,1.0
1.0,1.0
1.0,1.0
1.0,1.0
1.0,1.0
1.0,1.0
1.0,1.0
1.0,1.0
1.0,1.0
1.0,1.0
1.0,1.0
1.0,1.0
1.0,1.0
1.0,1.0
1.0,1.0
1.0,1.0
1.0,1.0
1.0,1.0
1.0,1.0
1.0,1.0
1.0,1.0
1.0,1.0
1.0,1.0
1.0,1.0
1.0,1.0
1.0,1.0
1.0,1.0
1.0,1.0
1.0,1.0
1.0,1.0
1.0,1.0
1.0,1.0
1.0,1.0
1.0,1.0
1.0,1.0
1.0,1.0
1.0,1.0
1.0,1.0
1.0,1.0
1.0,1.0
1.0,1.0
1.0,1.0
1.0,1.0
1.0,1.0
1.0,1.0
1.0,1.0
1.0,1.0
1.0,1.0
1.0,1.0
1.0,1.0
1.0,1.0
1.0,1.0
1.0,1.0
1.0,1.0
1.0,1.0
1.0,1.0
1.0,1.0
1.0,1.0
1.0,1.0
1.0,1.0
1.0,1.0
1.0,1.0
1.0,1.0
1.0,1.0
1.0,1.0
1.0,1.0
1.0,1.0
1.0,1.0
1.0,1.0
1.0,1.0
1.0,1.0
1.0,1.0
1.0,1.0
1.0,1.0
1.0,1.0
1.0,1.0
1.0,1.0
1.0,1.0
1.0,1.0
1.0,1.0
1.0,1.0
1.0,1.0
1.0,1.0
1.0,1.0
1.0,1.0
1.0,1.0
1.0,1.0
1.0,1.0
1.0,1.0
1.0,1.0
1.0,1.0
1.0,1.0
1.0,1.0
1.0,1.0
1.0,1.0
1.0,1.0
1.0,1.0
1.0,1.0
1.0,1.0
1.0,1.0
1.0,1.0
1.0,1.0
1.0,1.0
1.0,1.0
1.0,1.0
1.0,1.0
1.0,1.0
1.0,1.0
1.0,1.0
1.0,1.0
1.0,1.0
1.0,1.0
1.0,1.0
1.0,1.0
1.0,1.0
1.0,1.0
1.0,1.0
1.0,1.0
1.0,1.0
1.0,1.0
1.0,1.0
1.0,1.0
1.0,1.0
1.0,1.0
1.0,1.0
1.0,1.0
1.0,1.0
1.0,1.0
1.0,1.0
1.0,1.0
1.0,1.0
1.0,1.0
1.0,1.0
1.0,1.0
1.0,1.0
1.0,1.0
1.0,1.0
1.0,1.0
1.0,1.0
1.0,1.0
1.0,1.0
1.0,1.0
1.0,1.0
1.0,1.0
1.0,1.0
1.0,1.0
1.0,1.0
1.0,1.0
1.0,1.0
1.0,1.0
1.0,1.0
1.0,1.0
1.0,1.0
1.0,1.0
1.0,1.0
1.0,1.0
1.0,1.0
1.0,1.0
1.0,1.0
1.0,1.0
1.0,1.0
1.0,1.0
1.0,1.0
1.0,1.0
1.0,1.0
1.0,1.0
1.0,1.0
1.0,1.0
1.0,1.0
1.0,1.0
1.0,1.0
1.0,1.0
1.0,1.0
1.0,1.0
1.0,1.0
1.0,1.0
1.0,1.0
1.0,1.0
1.0,1.0
1.0,1.0
1.0,1.0
1.0,1.0
1.0,1.0
1.0,1.0
1.0,1.0
1.0,1.0
1.0,1.0
1.0,1.0
1.0,1.0
1.0,1.0
1.0,1.0
1.0,1.0
1.0,1.0
1.0,1.0
1.0,1.0
1.0,1.0
1.0,1.0
1.0,1.0
1.0,1.0
1.0,1.0
1.0,1.0
1.0,1.0
1.0,1.0
1.0,1.0
1.0,1.0
1.0,1.0
1.0,1.0
1.0,1.0
1.0,1.0
1.0,1.0
1.0,1.0
1.0,1.0
1.0,1.0
1.0,1.0
1.0,1.0
1.0,1.0
1.0,1.0
1.0,1.0
1.0,1.0
1.0,1.0
1.0,1.0
1.0,1.0
1.0,1.0
1.0,1.0
1.0,1.0
1.0,1.0
1.0,1.0
1.0,1.0
1.0,1.0
1.0,1.0
1.0,1.0
1.0,1.0
1.0,1.0
1.0,1.0
1.0,1.0
1.0,1.0
1.0,1.0
1.0,1.0
1.0,1.0
1.0,1.0
1.0,1.0
1.0,1.0
1.0,1.0
1.0,1.0
1.0,1.0
1.0,1.0
1.0,1.0
1.0,1.0
1.0,1.0
1.0,1.0
1.0,1.0
1.0,1.0
1.0,1.0
1.0,1.0
1.0,1.0
1.0,1.0
1.0,1.0
1.0,1.0
1.0,1.0
1.0,1.0
1.0,1.0
1.0,1.0
1.0,1.0
1.0,1.0
1.0,1.0
1.0,1.0
1.0,1.0
1.0,1.0
1.0,1.0
1.0,1.0
1.0,1.0
1.0,1.0
1.0,1.0
1.0,1.0
1.0,1.0
1.0,1.0
1.0,1.0
1.0,1.0
1.0,1.0
1.0,1.0
1.0,1.0
1.0,1.0
1.0,1.0
1.0,1.0
1.0,1.0
1.0,1.0
1.0,1.0
1.0,1.0
1.0,1.0
1.0,1.0
1.0,1.0
1.0,1.0
1.0,1.0
1.0,1.0
1.0,1.0
1.0,1.0
1.0,1.0
1.0,1.0
1.0,1.0
1.0,1.0
1.0,1.0
1.0,1.0
1.0,1.0
1.0,1.0
1.0,1.0
1.0,1.0
1.0,1.0
1.0,1.0
1.0,1.0
1.0,1.0
1.0,1.0
1.0,1.0
1.0,1.0
1.0,1.0
1.0,1.0
1.0,1.0
1.0,1.0
1.0,1.0
1.0,1.0
1.0,1.0
1.0,1.0
1.0,1.0
1.0,1.0
1.0,1.0
1.0,1.0
1.0,1.0
1.0,1.0
1.0,1.0
1.0,1.0
1.0,1.0
1.0,1.0
1.0,1.0
1.0,1.0
1.0,1.0
1.0,1.0
1.0,1.0
1.0,1.0
1.0,1.0
1.0,1.0
1.0,1.0
1.0,1.0
1.0,1.0
1.0,1.0
1.0,1.0
1.0,1.0
1.0,1.0
1.0,1.0
1.0,1.0
1.0,1.0
1.0,1.0
1.0,1.0
1.0,1.0
1.0,1.0
1.0,1.0
1.0,1.0
1.0,1.0
1.0,1.0
1.0,1.0
1.0,1.0
1.0,1.0
1.0,1.0
1.0,1.0
1.0,1.0
1.0,1.0
1.0,1.0
1.0,1.0
1.0,1.0
1.0,1.0
1.0,1.0
1.0,1.0
1.0,1.0
1.0,1.0
1.0,1.0
1.0,1.0
1.0,1.0
1.0,1.0
1.0,1.0
1.0,1.0
1.0,1.0
1.0,1.0
1.0,1.0
1.0,1.0
1.0,1.0
1.0,1.0
1.0,1.0
1.0,1.0
1.0,1.0
1.0,1.0
1.0,1.0
1.0,1.0
1.0,1.0
1.0,1.0
1.0,1.0
1.0,1.0
1.0,1.0
1.0,1.0
1.0,1.0
1.0,1.0
1.0,1.0
1.0,1.0
1.0,1.0
1.0,1.0
1.0,1.0
1.0,1.0
1.0,1.0
1.0,1.0
1.0,1.0
1.0,1.0
1.0,1.0
1.0,1.0
1.0,1.0
1.0,1.0
1.0,1.0
1.0,1.0
1.0,1.0
1.0,1.0
1.0,1.0
1.0,1.0
1.0,1.0
1.0,1.0
1.0,1.0
1.0,1.0
1.0,1.0
1.0,1.0
1.0,1.0
1.0,1.0
1.0,1.0
1.0,1.0
1.0,1.0
1.0,1.0
1.0,1.0
1.0,1.0
1.0,1.0
1.0,1.0
1.0,1.0
1.0,1.0
1.0,1.0
1.0,1.0
1.0,1.0
1.0,1.0
1.0,1.0
1.0,1.0
1.0,1.0
1.0,1.0
1.0,1.0
1.0,1.0
1.0,1.0
1.0,1.0
1.0,1.0
1.0,1.0
1.0,1.0
1.0,1.0
1.0,1.0
1.0,1.0
1.0,1.0
1.0,1.0
1.0,1.0
1.0,1.0
1.0,1.0
1.0,1.0
1.0,1.0
1.0,1.0
1.0,1.0
1.0,1.0
1.0,1.0
1.0,1.0
1.0,1.0
1.0,1.0
1.0,1.0
1.0,1.0
1.0,1.0
1.0,1.0
1.0,1.0
1.0,1.0
1.0,1.0
1.0,1.0
1.0,1.0
1.0,1.0
1.0,1.0
1.0,1.0
1.0,1.0
1.0,1.0
1.0,1.0
1.0,1.0
1.0,1.0
1.0,1.0
1.0,1.0
1.0,1.0
1.0,1.0
1.0,1.0
1.0,1.0
1.0,1.0
1.0,1.0
1.0,1.0
1.0,1.0
1.0,1.0
1.0,1.0
1.0,1.0
1.0,1.0
1.0,1.0
1.0,1.0
1.0,1.0
1.0,1.0
1.0,1.0
1.0,1.0
1.0,1.0
1.0,1.0
1.0,1.0
1.0,1.0
1.0,1.0
1.0,1.0
1.0,1.0
1.0,1.0
1.0,1.0
1.0,1.0
1.0,1.0
1.0,1.0
1.0,1.0
1.0,1.0
1.0,1.0
1.0,1.0
1.0,1.0
1.0,1.0
1.0,1.0
1.0,1.0
1.0,1.0
1.0,1.0
1.0,1.0
1.0,1.0
1.0,1.0
1.0,1.0
1.0,1.0
1.0,1.0
1.0,1.0
1.0,1.0
1.0,1.0
1.0,1.0
1.0,1.0
1.0,1.0
1.0,1.0
1.0,1.0
1.0,1.0
1.0,1.0
1.0,1.0
1.0,1.0
1.0,1.0
1.0,1.0
1.0,1.0
1.0,1.0
1.0,1.0
1.0,1.0
1.0,1.0
1.0,1.0
1.0,1.0
1.0,1.0
1.0,1.0
1.0,1.0
1.0,1.0
1.0,1.0
1.0,1.0
1.0,1.0
1.0,1.0
1.0,1.0
1.0,1.0
1.0,1.0
1.0,1.0
1.0,1.0
1.0,1.0
1.0,1.0
1.0,1.0
1.0,1.0
1.0,1.0
1.0,1.0
1.0,1.0
1.0,1.0
1.0,1.0
1.0,1.0
1.0,1.0
1.0,1.0
1.0,1.0
1.0,1.0
1.0,1.0
1.0,1.0
1.0,1.0
1.0,1.0
1.0,1.0
1.0,1.0
1.0,1.0
1.0,1.0
1.0,1.0
1.0,1.0
1.0,1.0
1.0,1.0
1.0,1.0
1.0,1.0
1.0,1.0
1.0,1.0
1.0,1.0
1.0,1.0
1.0,1.0
1.0,1.0
1.0,1.0
1.0,1.0
1.0,1.0
1.0,1.0
1.0,1.0
1.0,1.0
1.0,1.0
1.0,1.0
1.0,1.0
1.0,1.0
1.0,1.0
1.0,1.0
1.0,1.0
1.0,1.0
1.0,1.0
1.0,1.0
1.0,1.0
1.0,1.0
1.0,1.0
1.0,1.0
1.0,1.0
1.0,1.0
1.0,1.0
1.0,1.0
1.0,1.0
1.0,1.0
1.0,1.0
1.0,1.0
1.0,1.0
1.0,1.0
1.0,1.0
1.0,1.0
1.0,1.0
1.0,1.0
1.0,1.0
1.0,1.0
1.0,1.0
1.0,1.0
1.0,1.0
1.0,1.0
1.0,1.0
1.0,1.0
1.0,1.0
1.0,1.0
1.0,1.0
1.0,1.0
1.0,1.0
1.0,1.0
1.0,1.0
1.0,1.0
1.0,1.0
1.0,1.0
1.0,1.0
1.0,1.0
1.0,1.0
1.0,1.0
1.0,1.0
1.0,1.0
1.0,1.0
1.0,1.0
1.0,1.0
1.0,1.0
1.0,1.0
1.0,1.0
1.0,1.0
1.0,1.0
1.0,1.0
1.0,1.0
1.0,1.0
1.0,1.0
1.0,1.0
1.0,1.0
1.0,1.0
1.0,1.0
1.0,1.0
1.0,1.0
1.0,1.0
1.0,1.0
1.0,1.0
1.0,1.0
1.0,1.0
1.0,1.0
1.0,1.0
1.0,1.0
1.0,1.0
1.0,1.0
1.0,1.0
1.0,1.0
1.0,1.0
1.0,1.0
1.0,1.0
1.0,1.0
1.0,1.0
1.0,1.0
1.0,1.0
1.0,1.0
1.0,1.0
1.0,1.0
1.0,1.0
1.0,1.0
1.0,1.0
1.0,1.0
1.0,1.0
1.0,1.0
1.0,1.0
1.0,1.0
1.0,1.0
1.0,1.0
1.0,1.0
1.0,1.0
1.0,1.0
1.0,1.0
1.0,1.0
1.0,1.0
1.0,1.0
1.0,1.0
1.0,1.0
1.0,1.0
1.0,1.0
1.0,1.0
1.0,1.0
1.0,1.0
1.0,1.0
1.0,1.0
1.0,1.0
1.0,1.0
1.0,1.0
1.0,1.0
1.0,1.0
1.0,1.0
1.0,1.0
1.0,1.0
1.0,1.0
1.0,1.0
1.0,1.0
1.0,1.0
1.0,1.0
1.0,1.0
1.0,1.0
1.0,1.0
1.0,1.0
1.0,1.0
1.0,1.0
1.0,1.0
1.0,1.0
1.0,1.0
1.0,1.0
1.0,1.0
1.0,1.0
1.0,1.0
1.0,1.0
1.0,1.0
1.0,1.0
1.0,1.0
1.0,1.0
1.0,1.0
1.0,1.0
1.0,1.0
1.0,1.0
1.0,1.0
1.0,1.0
1.0,1.0
1.0,1.0
1.0,1.0
1.0,1.0
1.0,1.0
1.0,1.0
1.0,1.0
1.0,1.0
1.0,1.0
1.0,1.0
1.0,1.0
1.0,1.0
1.0,1.0
1.0,1.0
1.0,1.0
1.0,1.0
1.0,1.0
1.0,1.0
1.0,1.0
1.0,1.0
1.0,1.0
1.0,1.0
1.0,1.0
1.0,1.0
1.0,1.0
1.0,1.0
1.0,1.0
1.0,1.0
1.0,1.0
1.0,1.0
1.0,1.0
1.0,1.0
1.0,1.0
1.0,1.0
1.0,1.0
1.0,1.0
1.0,1.0
1.0,1.0
1.0,1.0
1.0,1.0
1.0,1.0
1.0,1.0
1.0,1.0
1.0,1.0
1.0,1.0
1.0,1.0
1.0,1.0
1.0,1.0
1.0,1.0
1.0,1.0
1.0,1.0
1.0,1.0
1.0,1.0
1.0,1.0
1.0,1.0
1.0,1.0
1.0,1.0
1.0,1.0
1.0,1.0
1.0,1.0
1.0,1.0
1.0,1.0
1.0,1.0
1.0,1.0
1.0,1.0
1.0,1.0
1.0,1.0
1.0,1.0
1.0,1.0
1.0,1.0
1.0,1.0
1.0,1.0
1.0,1.0
1.0,1.0
1.0,1.0
1.0,1.0
1.0,1.0
1.0,1.0
1.0,1.0
1.0,1.0
1.0,1.0
1.0,1.0
1.0,1.0
1.0,1.0
1.0,1.0
1.0,1.0
1.0,1.0
1.0,1.0
1.0,1.0
1.0,1.0
1.0,1.0
1.0,1.0
1.0,1.0
1.0,1.0
1.0,1.0
1.0,1.0
1.0,1.0
1.0,1.0
1.0,1.0
1.0,1.0
1.0,1.0
1.0,1.0
1.0,1.0
1.0,1.0
1.0,1.0
1.0,1.0
1.0,1.0
1.0,1.0
1.0,1.0
1.0,1.0
1.0,1.0
1.0,1.0
1.0,1.0
1.0,1.0
1.0,1.0
1.0,1.0
1.0,1.0
1.0,1.0
1.0,1.0
1.0,1.0
1.0,1.0
1.0,1.0
1.0,1.0
1.0,1.0
1.0,1.0
1.0,1.0
1.0,1.0
1.0,1.0
1.0,1.0
1.0,1.0
1.0,1.0
1.0,1.0
1.0,1.0
1.0,1.0
1.0,1.0
1.0,1.0
1.0,1.0
1.0,1.0
1.0,1.0
1.0,1.0
1.0,1.0
1.0,1.0
1.0,1.0
1.0,1.0
1.0,1.0
1.0,1.0
1.0,1.0
1.0,1.0
1.0,1.0
1.0,1.0
1.0,1.0
1.0,1.0
1.0,1.0
1.0,1.0
1.0,1.0
1.0,1.0
1.0,1.0
1.0,1.0
1.0,1.0
1.0,1.0
1.0,1.0
1.0,1.0
1.0,1.0
1.0,1.0
1.0,1.0
1.0,1.0
1.0,1.0
1.0,1.0
1.0,1.0
1.0,1.0
1.0,1.0
1.0,1.0
1.0,1.0
1.0,1.0
1.0,1.0
1.0,1.0
1.0,1.0
1.0,1.0
1.0,1.0
1.0,1.0
1.0,1.0
1.0,1.0
1.0,1.0
1.0,1.0
1.0,1.0
1.0,1.0
1.0,1.0
1.0,1.0
1.0,1.0
1.0,1.0
1.0,1.0
1.0,1.0
1.0,1.0
1.0,1.0
1.0,1.0
1.0,1.0
1.0,1.0
1.0,1.0
1.0,1.0
1.0,1.0
1.0,1.0
1.0,1.0
1.0,1.0
1.0,1.0
1.0,1.0
1.0,1.0
1.0,1.0
1.0,1.0
1.0,1.0
1.0,1.0
1.0,1.0
1.0,1.0
1.0,1.0
1.0,1.0
1.0,1.0
1.0,1.0
1.0,1.0
1.0,1.0
1.0,1.0
1.0,1.0
1.0,1.0
1.0,1.0
1.0,1.0
1.0,1.0
1.0,1.0
1.0,1.0
1.0,1.0
1.0,1.0
1.0,1.0
1.0,1.0
1.0,1.0
1.0,1.0
1.0,1.0
1.0,1.0
1.0,1.0
1.0,1.0
1.0,1.0
1.0,1.0
1.0,1.0
1.0,1.0
1.0,1.0
1.0,1.0
1.0,1.0
1.0,1.0
1.0,1.0
1.0,1.0
1.0,1.0
1.0,1.0
1.0,1.0
1.0,1.0
1.0,1.0
1.0,1.0
1.0,1.0
1.0,1.0
1.0,1.0
1.0,1.0
1.0,1.0
1.0,1.0
1.0,1.0
1.0,1.0
1.0,1.0
1.0,1.0
1.0,1.0
1.0,1.0
1.0,1.0
1.0,1.0
1.0,1.0
1.0,1.0
1.0,1.0
1.0,1.0
1.0,1.0
1.0,1.0
1.0,1.0
1.0,1.0
1.0,1.0
1.0,1.0
1.0,1.0
1.0,1.0
1.0,1.0
1.0,1.0
1.0,1.0
1.0,1.0
1.0,1.0
1.0,1.0
1.0,1.0
1.0,1.0
1.0,1.0
1.0,1.0
1.0,1.0
1.0,1.0
1.0,1.0
1.0,1.0
1.0,1.0
1.0,1.0
1.0,1.0
1.0,1.0
1.0,1.0
1.0,1.0
1.0,1.0
1.0,1.0
1.0,1.0
1.0,1.0
1.0,1.0
1.0,1.0
1.0,1.0
1.0,1.0
1.0,1.0
1.0,1.0
1.0,1.0
1.0,1.0
1.0,1.0
1.0,1.0
1.0,1.0
1.0,1.0
1.0,1.0
1.0,1.0
1.0,1.0
1.0,1.0
1.0,1.0
1.0,1.0
1.0,1.0
1.0,1.0
1.0,1.0
1.0,1.0
1.0,1.0
1.0,1.0
1.0,1.0
1.0,1.0
1.0,1.0
1.0,1.0
1.0,1.0
1.0,1.0
1.0,1.0
1.0,1.0
1.0,1.0
1.0,1.0
1.0,1.0
1.0,1.0
1.0,1.0
1.0,1.0
1.0,1.0
1.0,1.0
1.0,1.0
1.0,1.0
1.0,1.0
1.0,1.0
1.0,1.0
1.0,1.0
1.0,1.0
1.0,1.0
1.0,1.0
1.0,1.0
1.0,1.0
1.0,1.0
1.0,1.0
1.0,1.0
1.0,1.0
1.0,1.0
1.0,1.0
1.0,1.0
1.0,1.0
1.0,1.0
1.0,1.0
1.0,1.0
1.0,1.0
1.0,1.0
1.0,1.0
1.0,1.0
1.0,1.0
1.0,1.0
1.0,1.0
1.0,1.0
1.0,1.0
1.0,1.0
1.0,1.0
1.0,1.0
1.0,1.0
1.0,1.0
1.0,1.0
1.0,1.0
1.0,1.0
1.0,1.0
1.0,1.0
1.0,1.0
1.0,1.0
1.0,1.0
1.0,1.0
1.0,1.0
1.0,1.0
1.0,1.0
1.0,1.0
1.0,1.0
1.0,1.0
1.0,1.0
1.0,1.0
1.0,1.0
1.0,1.0
1.0,1.0
1.0,1.0
1.0,1.0
1.0,1.0
1.0,1.0
1.0,1.0
1.0,1.0
1.0,1.0
1.0,1.0
1.0,1.0
1.0,1.0
1.0,1.0
1.0,1.0
1.0,1.0
1.0,1.0
1.0,1.0
1.0,1.0
1.0,1.0
1.0,1.0
1.0,1.0
1.0,1.0
1.0,1.0
1.0,1.0
1.0,1.0
1.0,1.0
1.0,1.0
1.0,1.0
1.0,1.0
1.0,1.0
1.0,1.0
1.0,1.0
1.0,1.0
1.0,1.0
1.0,1.0
1.0,1.0
1.0,1.0
1.0,1.0
1.0,1.0
1.0,1.0
1.0,1.0
1.0,1.0
1.0,1.0
1.0,1.0
1.0,1.0
1.0,1.0
1.0,1.0
1.0,1.0
1.0,1.0
1.0,1.0
1.0,1.0
1.0,1.0
1.0,1.0
1.0,1.0
1.0,1.0
1.0,1.0
1.0,1.0
1.0,1.0
1.0,1.0
1.0,1.0
1.0,1.0
1.0,1.0
1.0,1.0
1.0,1.0
1.0,1.0
1.0,1.0
1.0,1.0
1.0,1.0
1.0,1.0
1.0,1.0
1.0,1.0
1.0,1.0
1.0,1.0
1.0,1.0
1.0,1.0
1.0,1.0
1.0,1.0
1.0,1.0
1.0,1.0
1.0,1.0
1.0,1.0
1.0,1.0
1.0,1.0
1.0,1.0
1.0,1.0
1.0,1.0
1.0,1.0
1.0,1.0
1.0,1.0
1.0,1.0
1.0,1.0
1.0,1.0
1.0,1.0
1.0,1.0
1.0,1.0
1.0,1.0
1.0,1.0
1.0,1.0
1.0,1.0
1.0,1.0
1.0,1.0
1.0,1.0
1.0,1.0
1.0,1.0
1.0,1.0
1.0,1.0
1.0,1.0
1.0,1.0
1.0,1.0
1.0,1.0
1.0,1.0
1.0,1.0
1.0,1.0
1.0,1.0
1.0,1.0
1.0,1.0
1.0,1.0
1.0,1.0
1.0,1.0
1.0,1.0
1.0,1.0
1.0,1.0
1.0,1.0
1.0,1.0
1.0,1.0
1.0,1.0
1.0,1.0
1.0,1.0
1.0,1.0
1.0,1.0
1.0,1.0
1.0,1.0
1.0,1.0
1.0,1.0
1.0,1.0
1.0,1.0
1.0,1.0
1.0,1.0
1.0,1.0
1.0,1.0
1.0,1.0
1.0,1.0
1.0,1.0
1.0,1.0
1.0,1.0
1.0,1.0
1.0,1.0
1.0,1.0
1.0,1.0
1.0,1.0
1.0,1.0
1.0,1.0
1.0,1.0
1.0,1.0
1.0,1.0
1.0,1.0
1.0,1.0
1.0,1.0
1.0,1.0
1.0,1.0
1.0,1.0
1.0,1.0
1.0,1.0
1.0,1.0
1.0,1.0
1.0,1.0
1.0,1.0
1.0,1.0
1.0,1.0
1.0,1.0
1.0,1.0
1.0,1.0
1.0,1.0
1.0,1.0
1.0,1.0
1.0,1.0
1.0,1.0
1.0,1.0
1.0,1.0
1.0,1.0
1.0,1.0
1.0,1.0
1.0,1.0
1.0,1.0
1.0,1.0
1.0,1.0
1.0,1.0
1.0,1.0
1.0,1.0
1.0,1.0
1.0,1.0
1.0,1.0
1.0,1.0
1.0,1.0
1.0,1.0
1.0,1.0
1.0,1.0
1.0,1.0
1.0,1.0
1.0,1.0
1.0,1.0
1.0,1.0
1.0,1.0
1.0,1.0
1.0,1.0
1.0,1.0
1.0,1.0
1.0,1.0
1.0,1.0
1.0,1.0
1.0,1.0
1.0,1.0
1.0,1.0
1.0,1.0
1.0,1.0
1.0,1.0
1.0,1.0
1.0,1.0
1.0,1.0
1.0,1.0
1.0,1.0
1.0,1.0
1.0,1.0
1.0,1.0
1.0,1.0
1.0,1.0
1.0,1.0
1.0,1.0
1.0,1.0
1.0,1.0
1.0,1.0
1.0,1.0
1.0,1.0
1.0,1.0
1.0,1.0
1.0,1.0
1.0,1.0
1.0,1.0
1.0,1.0
1.0,1.0
1.0,1.0
1.0,1.0
1.0,1.0
1.0,1.0
1.0,1.0
1.0,1.0
1.0,1.0
1.0,1.0
1.0,1.0
1.0,1.0
1.0,1.0
1.0,1.0
1.0,1.0
1.0,1.0
1.0,1.0
1.0,1.0
1.0,1.0
1.0,1.0
1.0,1.0
1.0,1.0
1.0,1.0
1.0,1.0
1.0,1.0
1.0,1.0
1.0,1.0
1.0,1.0
1.0,1.0
1.0,1.0
1.0,1.0
1.0,1.0
1.0,1.0
1.0,1.0
1.0,1.0
1.0,1.0
1.0,1.0
1.0,1.0
1.0,1.0
1.0,1.0
1.0,1.0
1.0,1.0
1.0,1.0
1.0,1.0
1.0,1.0
1.0,1.0
1.0,1.0
1.0,1.0
1.0,1.0
1.0,1.0
1.0,1.0
1.0,1.0
1.0,1.0
1.0,1.0
1.0,1.0
1.0,1.0
1.0,1.0
1.0,1.0
1.0,1.0
1.0,1.0
1.0,1.0
1.0,1.0
1.0,1.0
1.0,1.0
1.0,1.0
1.0,1.0
1.0,1.0
1.0,1.0
1.0,1.0
1.0,1.0
1.0,1.0
1.0,1.0
1.0,1.0
1.0,1.0
1.0,1.0
1.0,1.0
1.0,1.0
1.0,1.0
1.0,1.0
1.0,1.0
1.0,1.0
1.0,1.0
1.0,1.0
1.0,1.0
1.0,1.0
1.0,1.0
1.0,1.0
1.0,1.0
1.0,1.0
1.0,1.0
1.0,1.0
1.0,1.0
1.0,1.0
1.0,1.0
1.0,1.0
1.0,1.0
1.0,1.0
1.0,1.0
1.0,1.0
1.0,1.0
1.0,1.0
1.0,1.0
1.0,1.0
1.0,1.0
1.0,1.0
1.0,1.0
1.0,1.0
1.0,1.0
1.0,1.0
1.0,1.0
1.0,1.0
1.0,1.0
1.0,1.0
1.0,1.0
1.0,1.0
1.0,1.0
1.0,1.0
1.0,1.0
1.0,1.0
1.0,1.0
1.0,1.0
1.0,1.0
1.0,1.0
1.0,1.0
1.0,1.0
1.0,1.0
1.0,1.0
1.0,1.0
1.0,1.0
1.0,1.0
1.0,1.0
1.0,1.0
1.0,1.0
1.0,1.0
1.0,1.0
1.0,1.0
1.0,1.0
1.0,1.0
1.0,1.0
1.0,1.0
1.0,1.0
1.0,1.0
1.0,1.0
1.0,1.0
1.0,1.0
1.0,1.0
1.0,1.0
1.0,1.0
1.0,1.0
1.0,1.0
1.0,1.0
1.0,1.0
1.0,1.0
1.0,1.0
1.0,1.0
1.0,1.0
1.0,1.0
1.0,1.0
1.0,1.0
1.0,1.0
1.0,1.0
1.0,1.0
1.0,1.0
1.0,1.0
1.0,1.0
1.0,1.0
1.0,1.0
1.0,1.0
1.0,1.0
1.0,1.0
1.0,1.0
1.0,1.0
1.0,1.0
1.0,1.0
1.0,1.0
1.0,1.0
1.0,1.0
1.0,1.0
1.0,1.0
1.0,1.0
1.0,1.0
1.0,1.0
1.0,1.0
1.0,1.0
1.0,1.0
1.0,1.0
1.0,1.0
1.0,1.0
1.0,1.0
1.0,1.0
1.0,1.0
1.0,1.0
1.0,1.0
1.0,1.0
1.0,1.0
1.0,1.0
1.0,1.0
1.0,1.0
1.0,1.0
1.0,1.0
1.0,1.0
1.0,1.0
1.0,1.0
1.0,1.0
1.0,1.0
1.0,1.0
1.0,1.0
1.0,1.0
1.0,1.0
1.0,1.0
1.0,1.0
1.0,1.0
1.0,1.0
1.0,1.0
1.0,1.0
1.0,1.0
1.0,1.0
1.0,1.0
1.0,1.0
1.0,1.0
1.0,1.0
1.0,1.0
1.0,1.0
1.0,1.0
1.0,1.0
1.0,1.0
1.0,1.0
1.0,1.0
1.0,1.0
1.0,1.0
1.0,1.0
1.0,1.0
1.0,1.0
1.0,1.0
1.0,1.0
1.0,1.0
1.0,1.0
1.0,1.0
1.0,1.0
1.0,1.0
1.0,1.0
1.0,1.0
1.0,1.0
1.0,1.0
1.0,1.0
1.0,1.0
1.0,1.0
1.0,1.0
1.0,1.0
1.0,1.0
1.0,1.0
1.0,1.0
1.0,1.0
1.0,1.0
1.0,1.0
1.0,1.0
1.0,1.0
1.0,1.0
1.0,1.0
1.0,1.0
1.0,1.0
1.0,1.0
1.0,1.0
1.0,1.0
1.0,1.0
1.0,1.0
1.0,1.0
1.0,1.0
1.0,1.0
1.0,1.0
1.0,1.0
1.0,1.0
1.0,1.0
1.0,1.0
1.0,1.0
1.0,1.0
1.0,1.0
1.0,1.0
1.0,1.0
1.0,1.0
1.0,1.0
1.0,1.0
1.0,1.0
1.0,1.0
1.0,1.0
1.0,1.0
1.0,1.0
1.0,1.0
1.0,1.0
1.0,1.0
1.0,1.0
1.0,1.0
1.0,1.0
1.0,1.0
1.0,1.0
1.0,1.0
1.0,1.0
1.0,1.0
1.0,1.0
1.0,1.0
1.0,1.0
1.0,1.0
1.0,1.0
1.0,1.0
1.0,1.0
1.0,1.0
1.0,1.0
1.0,1.0
1.0,1.0
1.0,1.0
1.0,1.0
1.0,1.0
1.0,1.0
1.0,1.0
1.0,1.0
1.0,1.0
1.0,1.0
1.0,1.0
1.0,1.0
1.0,1.0
1.0,1.0
1.0,1.0
1.0,1.0
1.0,1.0
1.0,1.0
1.0,1.0
1.0,1.0
1.0,1.0
1.0,1.0
1.0,1.0
1.0,1.0
1.0,1.0
1.0,1.0
1.0,1.0
1.0,1.0
1.0,1.0
1.0,1.0
1.0,1.0
1.0,1.0
1.0,1.0
1.0,1.0
1.0,1.0
1.0,1.0
1.0,1.0
1.0,1.0
1.0,1.0
1.0,1.0
1.0,1.0
1.0,1.0
1.0,1.0
1.0,1.0
1.0,1.0
1.0,1.0
1.0,1.0
1.0,1.0
1.0,1.0
1.0,1.0
1.0,1.0
1.0,1.0
1.0,1.0
1.0,1.0
1.0,1.0
1.0,1.0
1.0,1.0
1.0,1.0
1.0,1.0
1.0,1.0
1.0,1.0
1.0,1.0
1.0,1.0
1.0,1.0
1.0,1.0
1.0,1.0
1.0,1.0
1.0,1.0
1.0,1.0
1.0,1.0
1.0,1.0
1.0,1.0
1.0,1.0
1.0,1.0
1.0,1.0
1.0,1.0
1.0,1.0
1.0,1.0
1.0,1.0
1.0,1.0
1.0,1.0
1.0,1.0
1.0,1.0
1.0,1.0
1.0,1.0
1.0,1.0
1.0,1.0
1.0,1.0
1.0,1.0
1.0,1.0
1.0,1.0
1.0,1.0
1.0,1.0
1.0,1.0
1.0,1.0
1.0,1.0
1.0,1.0
1.0,1.0
1.0,1.0
1.0,1.0
1.0,1.0
1.0,1.0
1.0,1.0
1.0,1.0
1.0,1.0
1.0,1.0
1.0,1.0
1.0,1.0
1.0,1.0
1.0,1.0
1.0,1.0
1.0,1.0
1.0,1.0
1.0,1.0
1.0,1.0
1.0,1.0
1.0,1.0
1.0,1.0
1.0,1.0
1.0,1.0
1.0,1.0
1.0,1.0
1.0,1.0
1.0,1.0
1.0,1.0
1.0,1.0
1.0,1.0
1.0,1.0
1.0,1.0
1.0,1.0
1.0,1.0
1.0,1.0
1.0,1.0
1.0,1.0
1.0,1.0
1.0,1.0
1.0,1.0
1.0,1.0
1.0,1.0
1.0,1.0
1.0,1.0
1.0,1.0
1.0,1.0
1.0,1.0
1.0,1.0
1.0,1.0
1.0,1.0
1.0,1.0
1.0,1.0
1.0,1.0
1.0,1.0
1.0,1.0
1.0,1.0
1.0,1.0
1.0,1.0
1.0,1.0
1.0,1.0
1.0,1.0
1.0,1.0
1.0,1.0
1.0,1.0
1.0,1.0
1.0,1.0
1.0,1.0
1.0,1.0
1.0,1.0
1.0,1.0
1.0,1.0
1.0,1.0
1.0,1.0
1.0,1.0
1.0,1.0
1.0,1.0
1.0,1.0
1.0,1.0
1.0,1.0
1.0,1.0
1.0,1.0
1.0,1.0
1.0,1.0
1.0,1.0
1.0,1.0
1.0,1.0
1.0,1.0
1.0,1.0
1.0,1.0
1.0,1.0
1.0,1.0
1.0,1.0
1.0,1.0
1.0,1.0
1.0,1.0
1.0,1.0
1.0,1.0
1.0,1.0
1.0,1.0
1.0,1.0
1.0,1.0
1.0,1.0
1.0,1.0
1.0,1.0
1.0,1.0
1.0,1.0
1.0,1.0
1.0,1.0
1.0,1.0
1.0,1.0
1.0,1.0
1.0,1.0
1.0,1.0
1.0,1.0
1.0,1.0
1.0,1.0
1.0,1.0
1.0,1.0
1.0,1.0
1.0,1.0
1.0,1.0
1.0,1.0
1.0,1.0
1.0,1.0
1.0,1.0
1.0,1.0
1.0,1.0
1.0,1.0
1.0,1.0
1.0,1.0
1.0,1.0
1.0,1.0
1.0,1.0
1.0,1.0
1.0,1.0
1.0,1.0
1.0,1.0
1.0,1.0
1.0,1.0
1.0,1.0
1.0,1.0
1.0,1.0
1.0,1.0
1.0,1.0
1.0,1.0
1.0,1.0
1.0,1.0
1.0,1.0
1.0,1.0
1.0,1.0
1.0,1.0
1.0,1.0
1.0,1.0
1.0,1.0
1.0,1.0
1.0,1.0
1.0,1.0
1.0,1.0
1.0,1.0
1.0,1.0
1.0,1.0
1.0,1.0
1.0,1.0
1.0,1.0
1.0,1.0
1.0,1.0
1.0,1.0
1.0,1.0
1.0,1.0
1.0,1.0
1.0,1.0
1.0,1.0
1.0,1.0
1.0,1.0
1.0,1.0
1.0,1.0
1.0,1.0
1.0,1.0
1.0,1.0
1.0,1.0
1.0,1.0
1.0,1.0
1.0,1.0
1.0,1.0
1.0,1.0
1.0,1.0
1.0,1.0
1.0,1.0
1.0,1.0
1.0,1.0
1.0,1.0
1.0,1.0
1.0,1.0
1.0,1.0
1.0,1.0
1.0,1.0
1.0,1.0
1.0,1.0
1.0,1.0
1.0,1.0
1.0,1.0
1.0,1.0
1.0,1.0
1.0,1.0
1.0,1.0
1.0,1.0
1.0,1.0
1.0,1.0
1.0,1.0
1.0,1.0
1.0,1.0
1.0,1.0
1.0,1.0
1.0,1.0
1.0,1.0
1.0,1.0
1.0,1.0
1.0,1.0
1.0,1.0
1.0,1.0
1.0,1.0
1.0,1.0
1.0,1.0
1.0,1.0
1.0,1.0
1.0,1.0
1.0,1.0
1.0,1.0
1.0,1.0
1.0,1.0
1.0,1.0
1.0,1.0
1.0,1.0
1.0,1.0
1.0,1.0
1.0,1.0
1.0,1.0
1.0,1.0
1.0,1.0
1.0,1.0
1.0,1.0
1.0,1.0
1.0,1.0
1.0,1.0
1.0,1.0
1.0,1.0
1.0,1.0
1.0,1.0
1.0,1.0
1.0,1.0
1.0,1.0
1.0,1.0
1.0,1.0
1.0,1.0
1.0,1.0
1.0,1.0
1.0,1.0
1.0,1.0
1.0,1.0
1.0,1.0
1.0,1.0
1.0,1.0
1.0,1.0
1.0,1.0
1.0,1.0
1.0,1.0
1.0,1.0
1.0,1.0
1.0,1.0
1.0,1.0
1.0,1.0
1.0,1.0
1.0,1.0
1.0,1.0
1.0,1.0
1.0,1.0
1.0,1.0
1.0,1.0
1.0,1.0
1.0,1.0
1.0,1.0
1.0,1.0
1.0,1.0
1.0,1.0
1.0,1.0
1.0,1.0
1.0,1.0
1.0,1.0
1.0,1.0
1.0,1.0
1.0,1.0
1.0,1.0
1.0,1.0
1.0,1.0
1.0,1.0
1.0,1.0
1.0,1.0
1.0,1.0
1.0,1.0
1.0,1.0
1.0,1.0
1.0,1.0
1.0,1.0
1.0,1.0
1.0,1.0
1.0,1.0
1.0,1.0
1.0,1.0
1.0,1.0
1.0,1.0
1.0,1.0
1.0,1.0
1.0,1.0
1.0,1.0
1.0,1.0
1.0,1.0
1.0,1.0
1.0,1.0
1.0,1.0
1.0,1.0
1.0,1.0
1.0,1.0
1.0,1.0
1.0,1.0
1.0,1.0
1.0,1.0
1.0,1.0
1.0,1.0
1.0,1.0
1.0,1.0
1.0,1.0
1.0,1.0
1.0,1.0
1.0,1.0
1.0,1.0
1.0,1.0
1.0,1.0
1.0,1.0
1.0,1.0
1.0,1.0
1.0,1.0
1.0,1.0
1.0,1.0
1.0,1.0
1.0,1.0
1.0,1.0
1.0,1.0
1.0,1.0
1.0,1.0
1.0,1.0
1.0,1.0
1.0,1.0
1.0,1.0
1.0,1.0
1.0,1.0
1.0,1.0
1.0,1.0
1.0,1.0
1.0,1.0
1.0,1.0
1.0,1.0
1.0,1.0
1.0,1.0
1.0,1.0
1.0,1.0
1.0,1.0
1.0,1.0
1.0,1.0
1.0,1.0
1.0,1.0
1.0,1.0
1.0,1.0
1.0,1.0
1.0,1.0
1.0,1.0
1.0,1.0
1.0,1.0
1.0,1.0
1.0,1.0
1.0,1.0
1.0,1.0
1.0,1.0
1.0,1.0
1.0,1.0
1.0,1.0
1.0,1.0
1.0,1.0
1.0,1.0
1.0,1.0
1.0,1.0
1.0,1.0
1.0,1.0
1.0,1.0
1.0,1.0
1.0,1.0
1.0,1.0
1.0,1.0
1.0,1.0
1.0,1.0
1.0,1.0
1.0,1.0
1.0,1.0
1.0,1.0
1.0,1.0
1.0,1.0
1.0,1.0
1.0,1.0
1.0,1.0
1.0,1.0
1.0,1.0
1.0,1.0
1.0,1.0
1.0,1.0
1.0,1.0
1.0,1.0
1.0,1.0
1.0,1.0
1.0,1.0
1.0,1.0
1.0,1.0
1.0,1.0
1.0,1.0
1.0,1.0
1.0,1.0
1.0,1.0
1.0,1.0
1.0,1.0
1.0,1.0
1.0,1.0
1.0,1.0
1.0,1.0
1.0,1.0
1.0,1.0
1.0,1.0
1.0,1.0
1.0,1.0
1.0,1.0
1.0,1.0
1.0,1.0
1.0,1.0
1.0,1.0
1.0,1.0
1.0,1.0
1.0,1.0
1.0,1.0
1.0,1.0
1.0,1.0
1.0,1.0
1.0,1.0
1.0,1.0
1.0,1.0
1.0,1.0
1.0,1.0
1.0,1.0
1.0,1.0
1.0,1.0
1.0,1.0
1.0,1.0
1.0,1.0
1.0,1.0
1.0,1.0
1.0,1.0
1.0,1.0
1.0,1.0
1.0,1.0
1.0,1.0
1.0,1.0
1.0,1.0
1.0,1.0
1.0,1.0
1.0,1.0
1.0,1.0
1.0,1.0
1.0,1.0
1.0,1.0
1.0,1.0
1.0,1.0
1.0,1.0
1.0,1.0
1.0,1.0
1.0,1.0
1.0,1.0
1.0,1.0
1.0,1.0
1.0,1.0
1.0,1.0
1.0,1.0
1.0,1.0
1.0,1.0
1.0,1.0
1.0,1.0
1.0,1.0
1.0,1.0
1.0,1.0
1.0,1.0
1.0,1.0
1.0,1.0
1.0,1.0
1.0,1.0
1.0,1.0
1.0,1.0
1.0,1.0
1.0,1.0
1.0,1.0
1.0,1.0
1.0,1.0
1.0,1.0
1.0,1.0
1.0,1.0
1.0,1.0
1.0,1.0
1.0,1.0
1.0,1.0
1.0,1.0
1.0,1.0
1.0,1.0
1.0,1.0
1.0,1.0
1.0,1.0
1.0,1.0
1.0,1.0
1.0,1.0
1.0,1.0
1.0,1.0
1.0,1.0
1.0,1.0
1.0,1.0
1.0,1.0
1.0,1.0
1.0,1.0
1.0,1.0
1.0,1.0
1.0,1.0
1.0,1.0
1.0,1.0
1.0,1.0
1.0,1.0
1.0,1.0
1.0,1.0
1.0,1.0
1.0,1.0
1.0,1.0
1.0,1.0
1.0,1.0
1.0,1.0
1.0,1.0
1.0,1.0
1.0,1.0
1.0,1.0
1.0,1.0
1.0,1.0
1.0,1.0
1.0,1.0
1.0,1.0
1.0,1.0
1.0,1.0
1.0,1.0
1.0,1.0
1.0,1.0
1.0,1.0
1.0,1.0
1.0,1.0
1.0,1.0
1.0,1.0
1.0,1.0
1.0,1.0
1.0,1.0
1.0,1.0
1.0,1.0
1.0,1.0
1.0,1.0
1.0,1.0
1.0,1.0
1.0,1.0
1.0,1.0
1.0,1.0
1.0,1.0
1.0,1.0
1.0,1.0
1.0,1.0
1.0,1.0
1.0,1.0
1.0,1.0
1.0,1.0
1.0,1.0
1.0,1.0
1.0,1.0
1.0,1.0
1.0,1.0
1.0,1.0
1.0,1.0
1.0,1.0
1.0,1.0
1.0,1.0
1.0,1.0
1.0,1.0
1.0,1.0
1.0,1.0
1.0,1.0
1.0,1.0
1.0,1.0
1.0,1.0
1.0,1.0
1.0,1.0
1.0,1.0
1.0,1.0
1.0,1.0
1.0,1.0
1.0,1.0
1.0,1.0
1.0,1.0
1.0,1.0
1.0,1.0
1.0,1.0
1.0,1.0
1.0,1.0
1.0,1.0
1.0,1.0
1.0,1.0
1.0,1.0
1.0,1.0
1.0,1.0
1.0,1.0
1.0,1.0
1.0,1.0
1.0,1.0
1.0,1.0
1.0,1.0
1.0,1.0
1.0,1.0
1.0,1.0
1.0,1.0
1.0,1.0
1.0,1.0
1.0,1.0
1.0,1.0
1.0,1.0
1.0,1.0
1.0,1.0
1.0,1.0
1.0,1.0
1.0,1.0
1.0,1.0
1.0,1.0
1.0,1.0
1.0,1.0
1.0,1.0
1.0,1.0
1.0,1.0
1.0,1.0
1.0,1.0
1.0,1.0
1.0,1.0
1.0,1.0
1.0,1.0
1.0,1.0
1.0,1.0
1.0,1.0
1.0,1.0
1.0,1.0
1.0,1.0
1.0,1.0
1.0,1.0
1.0,1.0
1.0,1.0
1.0,1.0
1.0,1.0
1.0,1.0
1.0,1.0
1.0,1.0
1.0,1.0
1.0,1.0
1.0,1.0
1.0,1.0
1.0,1.0
1.0,1.0
1.0,1.0
1.0,1.0
1.0,1.0
1.0,1.0
1.0,1.0
1.0,1.0
1.0,1.0
1.0,1.0
1.0,1.0
1.0,1.0
1.0,1.0
1.0,1.0
1.0,1.0
1.0,1.0
1.0,1.0
1.0,1.0
1.0,1.0
1.0,1.0
1.0,1.0
1.0,1.0
1.0,1.0
1.0,1.0
1.0,1.0
1.0,1.0
1.0,1.0
1.0,1.0
1.0,1.0
1.0,1.0
1.0,1.0
1.0,1.0
1.0,1.0
1.0,1.0
1.0,1.0
1.0,1.0
1.0,1.0
1.0,1.0
1.0,1.0
1.0,1.0
1.0,1.0
1.0,1.0
1.0,1.0
1.0,1.0
1.0,1.0
1.0,1.0
1.0,1.0
1.0,1.0
1.0,1.0
1.0,1.0
1.0,1.0
1.0,1.0
1.0,1.0
1.0,1.0
1.0,1.0
1.0,1.0
1.0,1.0
1.0,1.0
1.0,1.0
1.0,1.0
1.0,1.0
1.0,1.0
1.0,1.0
1.0,1.0
1.0,1.0
1.0,1.0
1.0,1.0
1.0,1.0
1.0,1.0
1.0,1.0
1.0,1.0
1.0,1.0
1.0,1.0
1.0,1.0
1.0,1.0
1.0,1.0
1.0,1.0
1.0,1.0
1.0,1.0
1.0,1.0
1.0,1.0
1.0,1.0
1.0,1.0
1.0,1.0
1.0,1.0
1.0,1.0
1.0,1.0
1.0,1.0
1.0,1.0
1.0,1.0
1.0,1.0
1.0,1.0
1.0,1.0
1.0,1.0
1.0,1.0
1.0,1.0
1.0,1.0
1.0,1.0
1.0,1.0
1.0,1.0
1.0,1.0
1.0,1.0
1.0,1.0
1.0,1.0
1.0,1.0
1.0,1.0
1.0,1.0
1.0,1.0
1.0,1.0
1.0,1.0
1.0,1.0
1.0,1.0
1.0,1.0
1.0,1.0
1.0,1.0
1.0,1.0
1.0,1.0
1.0,1.0
1.0,1.0
1.0,1.0
1.0,1.0
1.0,1.0
1.0,1.0
1.0,1.0
1.0,1.0
1.0,1.0
1.0,1.0
1.0,1.0
1.0,1.0
1.0,1.0
1.0,1.0
1.0,1.0
1.0,1.0
1.0,1.0
1.0,1.0
1.0,1.0
1.0,1.0
1.0,1.0
1.0,1.0
1.0,1.0
1.0,1.0
1.0,1.0
1.0,1.0
1.0,1.0
1.0,1.0
1.0,1.0
1.0,1.0
1.0,1.0
1.0,1.0
1.0,1.0
1.0,1.0
1.0,1.0
1.0,1.0
1.0,1.0
1.0,1.0
1.0,1.0
1.0,1.0
1.0,1.0
1.0,1.0
1.0,1.0
1.0,1.0
1.0,1.0
1.0,1.0
1.0,1.0
1.0,1.0
1.0,1.0
1.0,1.0
1.0,1.0
1.0,1.0
1.0,1.0
1.0,1.0
1.0,1.0
1.0,1.0
1.0,1.0
1.0,1.0
1.0,1.0
1.0,1.0
1.0,1.0
1.0,1.0
1.0,1.0
1.0,1.0
1.0,1.0
1.0,1.0
1.0,1.0
1.0,1.0
1.0,1.0
1.0,1.0
1.0,1.0
1.0,1.0
1.0,1.0
1.0,1.0
1.0,1.0
1.0,1.0
1.0,1.0
1.0,1.0
1.0,1.0
1.0,1.0
1.0,1.0
1.0,1.0
1.0,1.0
1.0,1.0
1.0,1.0
1.0,1.0
1.0,1.0
1.0,1.0
1.0,1.0
1.0,1.0
1.0,1.0
1.0,1.0
1.0,1.0
1.0,1.0
1.0,1.0
1.0,1.0
1.0,1.0
1.0,1.0
1.0,1.0
1.0,1.0
1.0,1.0
1.0,1.0
1.0,1.0
1.0,1.0
1.0,1.0
1.0,1.0
1.0,1.0
1.0,1.0
1.0,1.0
1.0,1.0
1.0,1.0
1.0,1.0
1.0,1.0
1.0,1.0
1.0,1.0
1.0,1.0
1.0,1.0
1.0,1.0
1.0,1.0
1.0,1.0
1.0,1.0
1.0,1.0
1.0,1.0
1.0,1.0
1.0,1.0
1.0,1.0
1.0,1.0
1.0,1.0
1.0,1.0
1.0,1.0
1.0,1.0
1.0,1.0
1.0,1.0
1.0,1.0
1.0,1.0
1.0,1.0
1.0,1.0
1.0,1.0
1.0,1.0
1.0,1.0
1.0,1.0
1.0,1.0
1.0,1.0
1.0,1.0
1.0,1.0
1.0,1.0
1.0,1.0
1.0,1.0
1.0,1.0
1.0,1.0
1.0,1.0
1.0,1.0
1.0,1.0
1.0,1.0
1.0,1.0
1.0,1.0
1.0,1.0
1.0,1.0
1.0,1.0
1.0,1.0
1.0,1.0
1.0,1.0
1.0,1.0
1.0,1.0
1.0,1.0
1.0,1.0
1.0,1.0
1.0,1.0
1.0,1.0
1.0,1.0
1.0,1.0
1.0,1.0
1.0,1.0
1.0,1.0
1.0,1.0
1.0,1.0
1.0,1.0
1.0,1.0
1.0,1.0
1.0,1.0
1.0,1.0
1.0,1.0
1.0,1.0
1.0,1.0
1.0,1.0
1.0,1.0
1.0,1.0
1.0,1.0
1.0,1.0
1.0,1.0
1.0,1.0
1.0,1.0
1.0,1.0
1.0,1.0
1.0,1.0
1.0,1.0
1.0,1.0
1.0,1.0
1.0,1.0
1.0,1.0
1.0,1.0
1.0,1.0
1.0,1.0
1.0,1.0
1.0,1.0
1.0,1.0
1.0,1.0
1.0,1.0
1.0,1.0
1.0,1.0
1.0,1.0
1.0,1.0
1.0,1.0
1.0,1.0
1.0,1.0
1.0,1.0
1.0,1.0
1.0,1.0
1.0,1.0
1.0,1.0
1.0,1.0
1.0,1.0
1.0,1.0
1.0,1.0
1.0,1.0
1.0,1.0
1.0,1.0
1.0,1.0
1.0,1.0
1.0,1.0
1.0,1.0
1.0,1.0
1.0,1.0
1.0,1.0
1.0,1.0
1.0,1.0
1.0,1.0
1.0,1.0
1.0,1.0
1.0,1.0
1.0,1.0
1.0,1.0
1.0,1.0
1.0,1.0
1.0,1.0
1.0,1.0
1.0,1.0
1.0,1.0
1.0,1.0
1.0,1.0
1.0,1.0
1.0,1.0
1.0,1.0
1.0,1.0
1.0,1.0
1.0,1.0
1.0,1.0
1.0,1.0
1.0,1.0
1.0,1.0
1.0,1.0
1.0,1.0
1.0,1.0
1.0,1.0
1.0,1.0
1.0,1.0
1.0,1.0
1.0,1.0
1.0,1.0
1.0,1.0
1.0,1.0
1.0,1.0
1.0,1.0
1.0,1.0
1.0,1.0
1.0,1.0
1.0,1.0
1.0,1.0
1.0,1.0
1.0,1.0
1.0,1.0
1.0,1.0
1.0,1.0
1.0,1.0
1.0,1.0
1.0,1.0
1.0,1.0
1.0,1.0
1.0,1.0
1.0,1.0
1.0,1.0
1.0,1.0
1.0,1.0
1.0,1.0
1.0,1.0
1.0,1.0
1.0,1.0
1.0,1.0
1.0,1.0
1.0,1.0
1.0,1.0
1.0,1.0
1.0,1.0
1.0,1.0
1.0,1.0
1.0,1.0
1.0,1.0
1.0,1.0
1.0,1.0
1.0,1.0
1.0,1.0
1.0,1.0
1.0,1.0
1.0,1.0
1.0,1.0
1.0,1.0
1.0,1.0
1.0,1.0
1.0,1.0
1.0,1.0
1.0,1.0
1.0,1.0
1.0,1.0
1.0,1.0
1.0,1.0
1.0,1.0
1.0,1.0
1.0,1.0
1.0,1.0
1.0,1.0
1.0,1.0
1.0,1.0
1.0,1.0
1.0,1.0
1.0,1.0
1.0,1.0
1.0,1.0
1.0,1.0
1.0,1.0
1.0,1.0
1.0,1.0
1.0,1.0
1.0,1.0
1.0,1.0
1.0,1.0
1.0,1.0
1.0,1.0
1.0,1.0
1.0,1.0
1.0,1.0
1.0,1.0
1.0,1.0
1.0,1.0
1.0,1.0
1.0,1.0
1.0,1.0
1.0,1.0
1.0,1.0
1.0,1.0
1.0,1.0
1.0,1.0
1.0,1.0
1.0,1.0
1.0,1.0
1.0,1.0
1.0,1.0
1.0,1.0
1.0,1.0
1.0,1.0
1.0,1.0
1.0,1.0
1.0,1.0
1.0,1.0
1.0,1.0
1.0,1.0
1.0,1.0
1.0,1.0
1.0,1.0
1.0,1.0
1.0,1.0
1.0,1.0
1.0,1.0
1.0,1.0
1.0,1.0
1.0,1.0
1.0,1.0
1.0,1.0
1.0,1.0
1.0,1.0
1.0,1.0
1.0,1.0
1.0,1.0
1.0,1.0
1.0,1.0
1.0,1.0
1.0,1.0
1.0,1.0
1.0,1.0
1.0,1.0
1.0,1.0
1.0,1.0
1.0,1.0
1.0,1.0
1.0,1.0
1.0,1.0
1.0,1.0
1.0,1.0
1.0,1.0
1.0,1.0
1.0,1.0
1.0,1.0
1.0,1.0
1.0,1.0
1.0,1.0
1.0,1.0
1.0,1.0
1.0,1.0
1.0,1.0
1.0,1.0
1.0,1.0
1.0,1.0
1.0,1.0
1.0,1.0
1.0,1.0
1.0,1.0
1.0,1.0
1.0,1.0
1.0,1.0
1.0,1.0
1.0,1.0
1.0,1.0
1.0,1.0
1.0,1.0
1.0,1.0
1.0,1.0
1.0,1.0
1.0,1.0
1.0,1.0
1.0,1.0
1.0,1.0
1.0,1.0
1.0,1.0
1.0,1.0
1.0,1.0
1.0,1.0
1.0,1.0
1.0,1.0
1.0,1.0
1.0,1.0
1.0,1.0
1.0,1.0
1.0,1.0
1.0,1.0
1.0,1.0
1.0,1.0
1.0,1.0
1.0,1.0
1.0,1.0
1.0,1.0
1.0,1.0
1.0,1.0
1.0,1.0
1.0,1.0
1.0,1.0
1.0,1.0
1.0,1.0
1.0,1.0
1.0,1.0
1.0,1.0
1.0,1.0
1.0,1.0
1.0,1.0
1.0,1.0
1.0,1.0
1.0,1.0
1.0,1.0
1.0,1.0
1.0,1.0
1.0,1.0
1.0,1.0
1.0,1.0
1.0,1.0
1.0,1.0
1.0,1.0
1.0,1.0
1.0,1.0
1.0,1.0
1.0,1.0
1.0,1.0
1.0,1.0
1.0,1.0
1.0,1.0
1.0,1.0
1.0,1.0
1.0,1.0
1.0,1.0
1.0,1.0
1.0,1.0
1.0,1.0
1.0,1.0
1.0,1.0
1.0,1.0
1.0,1.0
1.0,1.0
1.0,1.0
1.0,1.0
1.0,1.0
1.0,1.0
1.0,1.0
1.0,1.0
1.0,1.0
1.0,1.0
1.0,1.0
1.0,1.0
1.0,1.0
1.0,1.0
1.0,1.0
1.0,1.0
1.0,1.0
1.0,1.0
1.0,1.0
1.0,1.0
1.0,1.0
1.0,1.0
1.0,1.0
1.0,1.0
1.0,1.0
1.0,1.0
1.0,1.0
1.0,1.0
1.0,1.0
1.0,1.0
1.0,1.0
1.0,1.0
1.0,1.0
1.0,1.0
1.0,1.0
1.0,1.0
1.0,1.0
1.0,1.0
1.0,1.0
1.0,1.0
1.0,1.0
1.0,1.0
1.0,1.0
1.0,1.0
1.0,1.0
1.0,1.0
1.0,1.0
1.0,1.0
1.0,1.0
1.0,1.0
1.0,1.0
1.0,1.0
1.0,1.0
1.0,1.0
1.0,1.0
1.0,1.0
1.0,1.0
1.0,1.0
1.0,1.0
1.0,1.0
1.0,1.0
1.0,1.0
1.0,1.0
1.0,1.0
1.0,1.0
1.0,1.0
1.0,1.0
1.0,1.0
1.0,1.0
1.0,1.0
1.0,1.0
1.0,1.0
1.0,1.0
1.0,1.0
1.0,1.0
1.0,1.0
1.0,1.0
1.0,1.0
1.0,1.0
1.0,1.0
1.0,1.0
1.0,1.0
1.0,1.0
1.0,1.0
1.0,1.0
1.0,1.0
1.0,1.0
1.0,1.0
1.0,1.0
1.0,1.0
1.0,1.0
1.0,1.0
1.0,1.0
1.0,1.0
1.0,1.0
1.0,1.0
1.0,1.0
1.0,1.0
1.0,1.0
1.0,1.0
1.0,1.0
1.0,1.0
1.0,1.0
1.0,1.0
1.0,1.0
1.0,1.0
1.0,1.0
1.0,1.0
1.0,1.0
1.0,1.0
1.0,1.0
1.0,1.0
1.0,1.0
1.0,1.0
1.0,1.0
1.0,1.0
1.0,1.0
1.0,1.0
1.0,1.0
1.0,1.0
1.0,1.0
1.0,1.0
1.0,1.0
1.0,1.0
1.0,1.0
1.0,1.0
1.0,1.0
1.0,1.0
1.0,1.0
1.0,1.0
1.0,1.0
1.0,1.0
1.0,1.0
1.0,1.0
1.0,1.0
1.0,1.0
1.0,1.0
1.0,1.0
1.0,1.0
1.0,1.0
1.0,1.0
1.0,1.0
1.0,1.0
1.0,1.0
1.0,1.0
1.0,1.0
1.0,1.0
1.0,1.0
1.0,1.0
1.0,1.0
1.0,1.0
1.0,1.0
1.0,1.0
1.0,1.0
1.0,1.0
1.0,1.0
1.0,1.0
1.0,1.0
1.0,1.0
1.0,1.0
1.0,1.0
1.0,1.0
1.0,1.0
1.0,1.0
1.0,1.0
1.0,1.0
1.0,1.0
1.0,1.0
1.0,1.0
1.0,1.0
1.0,1.0
1.0,1.0
1.0,1.0
1.0,1.0
1.0,1.0
1.0,1.0
1.0,1.0
1.0,1.0
1.0,1.0
1.0,1.0
1.0,1.0
1.0,1.0
1.0,1.0
1.0,1.0
1.0,1.0
1.0,1.0
1.0,1.0
1.0,1.0
1.0,1.0
1.0,1.0
1.0,1.0
1.0,1.0
1.0,1.0
1.0,1.0
1.0,1.0
1.0,1.0
1.0,1.0
1.0,1.0
1.0,1.0
1.0,1.0
1.0,1.0
1.0,1.0
1.0,1.0
1.0,1.0
1.0,1.0
1.0,1.0
1.0,1.0
1.0,1.0
1.0,1.0
1.0,1.0
1.0,1.0
1.0,1.0
1.0,1.0
1.0,1.0
1.0,1.0
1.0,1.0
1.0,1.0
1.0,1.0
1.0,1.0
1.0,1.0
1.0,1.0
1.0,1.0
1.0,1.0
1.0,1.0
1.0,1.0
1.0,1.0
1.0,1.0
1.0,1.0
1.0,1.0
1.0,1.0
1.0,1.0
1.0,1.0
1.0,1.0
1.0,1.0
1.0,1.0
1.0,1.0
1.0,1.0
1.0,1.0
1.0,1.0
1.0,1.0
1.0,1.0
1.0,1.0
1.0,1.0
1.0,1.0
1.0,1.0
1.0,1.0
1.0,1.0
1.0,1.0
1.0,1.0
1.0,1.0
1.0,1.0
1.0,1.0
1.0,1.0
1.0,1.0
1.0,1.0
1.0,1.0
1.0,1.0
1.0,1.0
1.0,1.0
1.0,1.0
1.0,1.0
1.0,1.0
1.0,1.0
1.0,1.0
1.0,1.0
1.0,1.0
1.0,1.0
1.0,1.0
1.0,1.0
1.0,1.0
1.0,1.0
1.0,1.0
1.0,1.0
1.0,1.0
1.0,1.0
1.0,1.0
1.0,1.0
1.0,1.0
1.0,1.0
1.0,1.0
1.0,1.0
1.0,1.0
1.0,1.0
1.0,1.0
1.0,1.0
1.0,1.0
1.0,1.0
1.0,1.0
1.0,1.0
1.0,1.0
1.0,1.0
1.0,1.0
1.0,1.0
1.0,1.0
1.0,1.0
1.0,1.0
1.0,1.0
1.0,1.0
1.0,1.0
1.0,1.0
1.0,1.0
1.0,1.0
1.0,1.0
1.0,1.0
1.0,1.0
1.0,1.0
1.0,1.0
1.0,1.0
1.0,1.0
1.0,1.0
1.0,1.0
1.0,1.0
1.0,1.0
1.0,1.0
1.0,1.0
1.0,1.0
1.0,1.0
1.0,1.0
1.0,1.0
1.0,1.0
1.0,1.0
1.0,1.0
1.0,1.0
1.0,1.0
1.0,1.0
1.0,1.0
1.0,1.0
1.0,1.0
1.0,1.0
1.0,1.0
1.0,1.0
1.0,1.0
1.0,1.0
1.0,1.0
1.0,1.0
1.0,1.0
1.0,1.0
1.0,1.0
1.0,1.0
1.0,1.0
1.0,1.0
1.0,1.0
1.0,1.0
1.0,1.0
1.0,1.0
1.0,1.0
1.0,1.0
1.0,1.0
1.0,1.0
1.0,1.0
1.0,1.0
1.0,1.0
1.0,1.0
1.0,1.0
1.0,1.0
1.0,1.0
1.0,1.0
1.0,1.0
1.0,1.0
1.0,1.0
1.0,1.0
1.0,1.0
1.0,1.0
1.0,1.0
1.0,1.0
1.0,1.0
1.0,1.0
1.0,1.0
1.0,1.0
1.0,1.0
1.0,1.0
1.0,1.0
1.0,1.0
1.0,1.0
1.0,1.0
1.0,1.0
1.0,1.0
1.0,1.0
1.0,1.0
1.0,1.0
1.0,1.0
1.0,1.0
1.0,1.0
1.0,1.0
1.0,1.0
1.0,1.0
1.0,1.0
1.0,1.0
1.0,1.0
1.0,1.0
1.0,1.0
1.0,1.0
1.0,1.0
1.0,1.0
1.0,1.0
1.0,1.0
1.0,1.0
1.0,1.0
1.0,1.0
1.0,1.0
1.0,1.0
1.0,1.0
1.0,1.0
1.0,1.0
1.0,1.0
1.0,1.0
1.0,1.0
1.0,1.0
1.0,1.0
1.0,1.0
1.0,1.0
1.0,1.0
1.0,1.0
1.0,1.0
1.0,1.0
1.0,1.0
1.0,1.0
1.0,1.0
1.0,1.0
1.0,1.0
1.0,1.0
1.0,1.0
1.0,1.0
1.0,1.0
1.0,1.0
1.0,1.0
1.0,1.0
1.0,1.0
1.0,1.0
1.0,1.0
1.0,1.0
1.0,1.0
1.0,1.0
1.0,1.0
1.0,1.0
1.0,1.0
1.0,1.0
1.0,1.0
1.0,1.0
1.0,1.0
1.0,1.0
1.0,1.0
1.0,1.0
1.0,1.0
1.0,1.0
1.0,1.0
1.0,1.0
1.0,1.0
1.0,1.0
1.0,1.0
1.0,1.0
1.0,1.0
1.0,1.0
1.0,1.0
1.0,1.0
1.0,1.0
1.0,1.0
1.0,1.0
1.0,1.0
1.0,1.0
1.0,1.0
1.0,1.0
1.0,1.0
1.0,1.0
1.0,1.0
1.0,1.0
1.0,1.0
1.0,1.0
1.0,1.0
1.0,1.0
1.0,1.0
1.0,1.0
1.0,1.0
1.0,1.0
1.0,1.0
1.0,1.0
1.0,1.0
1.0,1.0
1.0,1.0
1.0,1.0
1.0,1.0
1.0,1.0
1.0,1.0
1.0,1.0
1.0,1.0
1.0,1.0
1.0,1.0
1.0,1.0
1.0,1.0
1.0,1.0
1.0,1.0
1.0,1.0
1.0,1.0
1.0,1.0
1.0,1.0
1.0,1.0
1.0,1.0
1.0,1.0
1.0,1.0
1.0,1.0
1.0,1.0
1.0,1.0
1.0,1.0
1.0,1.0
1.0,1.0
1.0,1.0
1.0,1.0
1.0,1.0
1.0,1.0
1.0,1.0
1.0,1.0
1.0,1.0
1.0,1.0
1.0,1.0
1.0,1.0
1.0,1.0
1.0,1.0
1.0,1.0
1.0,1.0
1.0,1.0
1.0,1.0
1.0,1.0
1.0,1.0
1.0,1.0
1.0,1.0
1.0,1.0
1.0,1.0
1.0,1.0
1.0,1.0
1.0,1.0
1.0,1.0
1.0,1.0
1.0,1.0
1.0,1.0
1.0,1.0
1.0,1.0
1.0,1.0
1.0,1.0
1.0,1.0
1.0,1.0
1.0,1.0
1.0,1.0
1.0,1.0
1.0,1.0
1.0,1.0
1.0,1.0
1.0,1.0
1.0,1.0
1.0,1.0
1.0,1.0
1.0,1.0
1.0,1.0
1.0,1.0
1.0,1.0
1.0,1.0
1.0,1.0
1.0,1.0
1.0,1.0
1.0,1.0
1.0,1.0
1.0,1.0
1.0,1.0
1.0,1.0
1.0,1.0
1.0,1.0
1.0,1.0
1.0,1.0
1.0,1.0
1.0,1.0
1.0,1.0
1.0,1.0
1.0,1.0
1.0,1.0
1.0,1.0
1.0,1.0
1.0,1.0
1.0,1.0
1.0,1.0
1.0,1.0
1.0,1.0
1.0,1.0
1.0,1.0
1.0,1.0
1.0,1.0
1.0,1.0
1.0,1.0
1.0,1.0
1.0,1.0
1.0,1.0
1.0,1.0
1.0,1.0
1.0,1.0
1.0,1.0
1.0,1.0
1.0,1.0
1.0,1.0
1.0,1.0
1.0,1.0
1.0,1.0
1.0,1.0
1.0,1.0
1.0,1.0
1.0,1.0
1.0,1.0
1.0,1.0
1.0,1.0
1.0,1.0
1.0,1.0
1.0,1.0
1.0,1.0
1.0,1.0
1.0,1.0
1.0,1.0
1.0,1.0
1.0,1.0
1.0,1.0
1.0,1.0
1.0,1.0
1.0,1.0
1.0,1.0
1.0,1.0
1.0,1.0
1.0,1.0
1.0,1.0
1.0,1.0
1.0,1.0
1.0,1.0
1.0,1.0
1.0,1.0
1.0,1.0
1.0,1.0
1.0,1.0
1.0,1.0
1.0,1.0
1.0,1.0
1.0,1.0
1.0,1.0
1.0,1.0
1.0,1.0
1.0,1.0
1.0,1.0
1.0,1.0
1.0,1.0
1.0,1.0
1.0,1.0
1.0,1.0
1.0,1.0
1.0,1.0
1.0,1.0
1.0,1.0
1.0,1.0
1.0,1.0
1.0,1.0
1.0,1.0
1.0,1.0
1.0,1.0
1.0,1.0
1.0,1.0
1.0,1.0
1.0,1.0
1.0,1.0
1.0,1.0
1.0,1.0
1.0,1.0
1.0,1.0
1.0,1.0
1.0,1.0
1.0,1.0
1.0,1.0
1.0,1.0
1.0,1.0
1.0,1.0
1.0,1.0
1.0,1.0
1.0,1.0
1.0,1.0
1.0,1.0
1.0,1.0
1.0,1.0
1.0,1.0
1.0,1.0
1.0,1.0
1.0,1.0
1.0,1.0
1.0,1.0
1.0,1.0
1.0,1.0
1.0,1.0
1.0,1.0
1.0,1.0
1.0,1.0
1.0,1.0
1.0,1.0
1.0,1.0
1.0,1.0
1.0,1.0
1.0,1.0
1.0,1.0
1.0,1.0
1.0,1.0
1.0,1.0
1.0,1.0
1.0,1.0
1.0,1.0
1.0,1.0
1.0,1.0
1.0,1.0
1.0,1.0
1.0,1.0
1.0,1.0
1.0,1.0
1.0,1.0
1.0,1.0
1.0,1.0
1.0,1.0
1.0,1.0
1.0,1.0
1.0,1.0
1.0,1.0
1.0,1.0
1.0,1.0
1.0,1.0
1.0,1.0
1.0,1.0
1.0,1.0
1.0,1.0
1.0,1.0
1.0,1.0
1.0,1.0
1.0,1.0
1.0,1.0
1.0,1.0
1.0,1.0
1.0,1.0
1.0,1.0
1.0,1.0
1.0,1.0
1.0,1.0
1.0,1.0
1.0,1.0
1.0,1.0
1.0,1.0
1.0,1.0
1.0,1.0
1.0,1.0
1.0,1.0
1.0,1.0
1.0,1.0
1.0,1.0
1.0,1.0
1.0,1.0
1.0,1.0
1.0,1.0
1.0,1.0
1.0,1.0
1.0,1.0
1.0,1.0
1.0,1.0
1.0,1.0
1.0,1.0
1.0,1.0
1.0,1.0
1.0,1.0
1.0,1.0
1.0,1.0
1.0,1.0
1.0,1.0
1.0,1.0
1.0,1.0
1.0,1.0
1.0,1.0
1.0,1.0
1.0,1.0
1.0,1.0
1.0,1.0
1.0,1.0
1.0,1.0
1.0,1.0
1.0,1.0
1.0,1.0
1.0,1.0
1.0,1.0
1.0,1.0
1.0,1.0
1.0,1.0
1.0,1.0
1.0,1.0
1.0,1.0
1.0,1.0
1.0,1.0
1.0,1.0
1.0,1.0
1.0,1.0
1.0,1.0
1.0,1.0
1.0,1.0
1.0,1.0
1.0,1.0
1.0,1.0
1.0,1.0
1.0,1.0
1.0,1.0
1.0,1.0
1.0,1.0
1.0,1.0
1.0,1.0
1.0,1.0
1.0,1.0
1.0,1.0
1.0,1.0
1.0,1.0
1.0,1.0
1.0,1.0
1.0,1.0
1.0,1.0
1.0,1.0
1.0,1.0
1.0,1.0
1.0,1.0
1.0,1.0
1.0,1.0
1.0,1.0
1.0,1.0
1.0,1.0
1.0,1.0
1.0,1.0
1.0,1.0
1.0,1.0
1.0,1.0
1.0,1.0
1.0,1.0
1.0,1.0
1.0,1.0
1.0,1.0
1.0,1.0
1.0,1.0
1.0,1.0
1.0,1.0
1.0,1.0
1.0,1.0
1.0,1.0
1.0,1.0
1.0,1.0
1.0,1.0
1.0,1.0
1.0,1.0
1.0,1.0
1.0,1.0
1.0,1.0
1.0,1.0
1.0,1.0
1.0,1.0
1.0,1.0
1.0,1.0
1.0,1.0
1.0,1.0
1.0,1.0
1.0,1.0
1.0,1.0
1.0,1.0
1.0,1.0
1.0,1.0
1.0,1.0
1.0,1.0
1.0,1.0
1.0,1.0
1.0,1.0
1.0,1.0
1.0,1.0
1.0,1.0
1.0,1.0
1.0,1.0
1.0,1.0
1.0,1.0
1.0,1.0
1.0,1.0
1.0,1.0
1.0,1.0
1.0,1.0
1.0,1.0
1.0,1.0
1.0,1.0
1.0,1.0
1.0,1.0
1.0,1.0
1.0,1.0
1.0,1.0
1.0,1.0
1.0,1.0
1.0,1.0
1.0,1.0
1.0,1.0
1.0,1.0
1.0,1.0
1.0,1.0
1.0,1.0
1.0,1.0
1.0,1.0
1.0,1.0
1.0,1.0
1.0,1.0
1.0,1.0
1.0,1.0
1.0,1.0
1.0,1.0
1.0,1.0
1.0,1.0
1.0,1.0
1.0,1.0
1.0,1.0
1.0,1.0
1.0,1.0
1.0,1.0
1.0,1.0
1.0,1.0
1.0,1.0
1.0,1.0
1.0,1.0
1.0,1.0
1.0,1.0
1.0,1.0
1.0,1.0
1.0,1.0
1.0,1.0
1.0,1.0
1.0,1.0
1.0,1.0
1.0,1.0
1.0,1.0
1.0,1.0
1.0,1.0
1.0,1.0
1.0,1.0
1.0,1.0
1.0,1.0
1.0,1.0
1.0,1.0
1.0,1.0
1.0,1.0
1.0,1.0
1.0,1.0
1.0,1.0
1.0,1.0
1.0,1.0
1.0,1.0
1.0,1.0
1.0,1.0
1.0,1.0
1.0,1.0
1.0,1.0
1.0,1.0
1.0,1.0
1.0,1.0
1.0,1.0
1.0,1.0
1.0,1.0
1.0,1.0
1.0,1.0
1.0,1.0
1.0,1.0
1.0,1.0
1.0,1.0
1.0,1.0
1.0,1.0
1.0,1.0
1.0,1.0
1.0,1.0
1.0,1.0
1.0,1.0
1.0,1.0
1.0,1.0
1.0,1.0
1.0,1.0
1.0,1.0
1.0,1.0
1.0,1.0
1.0,1.0
1.0,1.0
1.0,1.0
1.0,1.0
1.0,1.0
1.0,1.0
1.0,1.0
1.0,1.0
1.0,1.0
1.0,1.0
1.0,1.0
1.0,1.0
1.0,1.0
1.0,1.0
1.0,1.0
1.0,1.0
1.0,1.0
1.0,1.0
1.0,1.0
1.0,1.0
1.0,1.0
1.0,1.0
1.0,1.0
1.0,1.0
1.0,1.0
1.0,1.0
1.0,1.0
1.0,1.0
1.0,1.0
1.0,1.0
1.0,1.0
1.0,1.0
1.0,1.0
1.0,1.0
1.0,1.0
1.0,1.0
1.0,1.0
1.0,1.0
1.0,1.0
1.0,1.0
1.0,1.0
1.0,1.0
1.0,1.0
1.0,1.0
1.0,1.0
1.0,1.0
1.0,1.0
1.0,1.0
1.0,1.0
1.0,1.0
1.0,1.0
1.0,1.0
1.0,1.0
1.0,1.0
1.0,1.0
1.0,1.0
1.0,1.0
1.0,1.0
1.0,1.0
1.0,1.0
1.0,1.0
1.0,1.0
1.0,1.0
1.0,1.0
1.0,1.0
1.0,1.0
1.0,1.0
1.0,1.0
1.0,1.0
1.0,1.0
1.0,1.0
1.0,1.0
1.0,1.0
1.0,1.0
1.0,1.0
1.0,1.0
1.0,1.0
1.0,1.0
1.0,1.0
1.0,1.0
1.0,1.0
1.0,1.0
1.0,1.0
1.0,1.0
1.0,1.0
1.0,1.0
1.0,1.0
1.0,1.0
1.0,1.0
1.0,1.0
1.0,1.0
1.0,1.0
1.0,1.0
1.0,1.0
1.0,1.0
1.0,1.0
1.0,1.0
1.0,1.0
1.0,1.0
1.0,1.0
1.0,1.0
1.0,1.0
1.0,1.0
1.0,1.0
1.0,1.0
1.0,1.0
1.0,1.0
1.0,1.0
1.0,1.0
1.0,1.0
1.0,1.0
1.0,1.0
1.0,1.0
1.0,1.0
1.0,1.0
1.0,1.0
1.0,1.0
1.0,1.0
1.0,1.0
1.0,1.0
1.0,1.0
1.0,1.0
1.0,1.0
1.0,1.0
1.0,1.0
1.0,1.0
1.0,1.0
1.0,1.0
1.0,1.0
1.0,1.0
1.0,1.0
1.0,1.0
1.0,1.0
1.0,1.0
1.0,1.0
1.0,1.0
1.0,1.0
1.0,1.0
1.0,1.0
1.0,1.0
1.0,1.0
1.0,1.0
1.0,1.0
1.0,1.0
1.0,1.0
1.0,1.0
1.0,1.0
1.0,1.0
1.0,1.0
1.0,1.0
1.0,1.0
1.0,1.0
1.0,1.0
1.0,1.0
1.0,1.0
1.0,1.0
1.0,1.0
1.0,1.0
1.0,1.0
1.0,1.0
1.0,1.0
1.0,1.0
1.0,1.0
1.0,1.0
1.0,1.0
1.0,1.0
1.0,1.0
1.0,1.0
1.0,1.0
1.0,1.0
1.0,1.0
1.0,1.0
1.0,1.0
1.0,1.0
1.0,1.0
1.0,1.0
1.0,1.0
1.0,1.0
1.0,1.0
1.0,1.0
1.0,1.0
1.0,1.0
1.0,1.0
1.0,1.0
1.0,1.0
1.0,1.0
1.0,1.0
1.0,1.0
1.0,1.0
1.0,1.0
1.0,1.0
1.0,1.0
1.0,1.0
1.0,1.0
1.0,1.0
1.0,1.0
1.0,1.0
1.0,1.0
1.0,1.0
1.0,1.0
1.0,1.0
1.0,1.0
1.0,1.0
1.0,1.0
1.0,1.0
1.0,1.0
1.0,1.0
1.0,1.0
1.0,1.0
1.0,1.0
1.0,1.0
1.0,1.0
1.0,1.0
1.0,1.0
1.0,1.0
1.0,1.0
1.0,1.0
1.0,1.0
1.0,1.0
1.0,1.0
1.0,1.0
1.0,1.0
1.0,1.0
1.0,1.0
1.0,1.0
1.0,1.0
1.0,1.0
1.0,1.0
1.0,1.0
1.0,1.0
1.0,1.0
1.0,1.0
1.0,1.0
1.0,1.0
1.0,1.0
1.0,1.0
1.0,1.0
1.0,1.0
1.0,1.0
1.0,1.0
1.0,1.0
1.0,1.0
1.0,1.0
1.0,1.0
1.0,1.0
1.0,1.0
1.0,1.0
1.0,1.0
1.0,1.0
1.0,1.0
1.0,1.0
1.0,1.0
1.0,1.0
1.0,1.0
1.0,1.0
1.0,1.0
1.0,1.0
1.0,1.0
1.0,1.0
1.0,1.0
1.0,1.0
1.0,1.0
1.0,1.0
1.0,1.0
1.0,1.0
1.0,1.0
1.0,1.0
1.0,1.0
1.0,1.0
1.0,1.0
1.0,1.0
1.0,1.0
1.0,1.0
1.0,1.0
1.0,1.0
1.0,1.0
1.0,1.0
1.0,1.0
1.0,1.0
1.0,1.0
1.0,1.0
1.0,1.0
1.0,1.0
1.0,1.0
1.0,1.0
1.0,1.0
1.0,1.0
1.0,1.0
1.0,1.0
1.0,1.0
1.0,1.0
1.0,1.0
1.0,1.0
1.0,1.0
1.0,1.0
1.0,1.0
1.0,1.0
1.0,1.0
1.0,1.0
1.0,1.0
1.0,1.0
1.0,1.0
1.0,1.0
1.0,1.0
1.0,1.0
1.0,1.0
1.0,1.0
1.0,1.0
1.0,1.0
1.0,1.0
1.0,1.0
1.0,1.0
1.0,1.0
1.0,1.0
1.0,1.0
1.0,1.0
1.0,1.0
1.0,1.0
1.0,1.0
1.0,1.0
1.0,1.0
1.0,1.0
1.0,1.0
1.0,1.0
1.0,1.0
1.0,1.0
1.0,1.0
1.0,1.0
1.0,1.0
1.0,1.0
1.0,1.0
1.0,1.0
1.0,1.0
1.0,1.0
1.0,1.0
1.0,1.0
1.0,1.0
1.0,1.0
1.0,1.0
1.0,1.0
1.0,1.0
1.0,1.0
1.0,1.0
1.0,1.0
1.0,1.0
1.0,1.0
1.0,1.0
1.0,1.0
1.0,1.0
1.0,1.0
1.0,1.0
1.0,1.0
1.0,1.0
1.0,1.0
1.0,1.0
1.0,1.0
1.0,1.0
1.0,1.0
1.0,1.0
1.0,1.0
1.0,1.0
1.0,1.0
1.0,1.0
1.0,1.0
1.0,1.0
1.0,1.0
1.0,1.0
1.0,1.0
1.0,1.0
1.0,1.0
1.0,1.0
1.0,1.0
1.0,1.0
1.0,1.0
1.0,1.0
1.0,1.0
1.0,1.0
1.0,1.0
1.0,1.0
1.0,1.0
1.0,1.0
1.0,1.0
1.0,1.0
1.0,1.0
1.0,1.0
1.0,1.0
1.0,1.0
1.0,1.0
1.0,1.0
1.0,1.0
1.0,1.0
1.0,1.0
1.0,1.0
1.0,1.0
1.0,1.0
1.0,1.0
1.0,1.0
1.0,1.0
1.0,1.0
1.0,1.0
1.0,1.0
1.0,1.0
1.0,1.0
1.0,1.0
1.0,1.0
1.0,1.0
1.0,1.0
1.0,1.0
1.0,1.0
1.0,1.0
1.0,1.0
1.0,1.0
1.0,1.0
1.0,1.0
1.0,1.0
1.0,1.0
1.0,1.0
1.0,1.0
1.0,1.0
1.0,1.0
1.0,1.0
1.0,1.0
1.0,1.0
1.0,1.0
1.0,1.0
1.0,1.0
1.0,1.0
1.0,1.0
1.0,1.0
1.0,1.0
1.0,1.0
1.0,1.0
1.0,1.0
1.0,1.0
1.0,1.0
1.0,1.0
1.0,1.0
1.0,1.0
1.0,1.0
1.0,1.0
1.0,1.0
1.0,1.0
1.0,1.0
1.0,1.0
1.0,1.0
1.0,1.0
1.0,1.0
1.0,1.0
1.0,1.0
1.0,1.0
1.0,1.0
1.0,1.0
1.0,1.0
1.0,1.0
1.0,1.0
1.0,1.0
1.0,1.0
1.0,1.0
1.0,1.0
1.0,1.0
1.0,1.0
1.0,1.0
1.0,1.0
1.0,1.0
1.0,1.0
1.0,1.0
1.0,1.0
1.0,1.0
1.0,1.0
1.0,1.0
1.0,1.0
1.0,1.0
1.0,1.0
1.0,1.0
1.0,1.0
1.0,1.0
1.0,1.0
1.0,1.0
1.0,1.0
1.0,1.0
1.0,1.0
1.0,1.0
1.0,1.0
1.0,1.0
1.0,1.0
1.0,1.0
1.0,1.0
1.0,1.0
1.0,1.0
1.0,1.0
1.0,1.0
1.0,1.0
1.0,1.0
1.0,1.0
1.0,1.0
1.0,1.0
1.0,1.0
1.0,1.0
1.0,1.0
1.0,1.0
1.0,1.0
1.0,1.0
1.0,1.0
1.0,1.0
1.0,1.0
1.0,1.0
1.0,1.0
1.0,1.0
1.0,1.0
1.0,1.0
1.0,1.0
1.0,1.0
1.0,1.0
1.0,1.0
1.0,1.0
1.0,1.0
1.0,1.0
1.0,1.0
1.0,1.0
1.0,1.0
1.0,1.0
1.0,1.0
1.0,1.0
1.0,1.0
1.0,1.0
1.0,1.0
1.0,1.0
1.0,1.0
1.0,1.0
1.0,1.0
1.0,1.0
1.0,1.0
1.0,1.0
1.0,1.0
1.0,1.0
1.0,1.0
1.0,1.0
1.0,1.0
1.0,1.0
1.0,1.0
1.0,1.0
1.0,1.0
1.0,1.0
1.0,1.0
1.0,1.0
1.0,1.0
1.0,1.0
1.0,1.0
1.0,1.0
1.0,1.0
1.0,1.0
1.0,1.0
1.0,1.0
1.0,1.0
1.0,1.0
1.0,1.0
1.0,1.0
1.0,1.0
1.0,1.0
1.0,1.0
1.0,1.0
1.0,1.0
1.0,1.0
1.0,1.0
1.0,1.0
1.0,1.0
1.0,1.0
1.0,1.0
