0.0,0.0
0.0,0.0
0.0,0.0
0.0,0.0
0.0,0.0
0.0,0.0
0.0,0.0
0.0,0.0
0.000546448087431694,0.0
0.000546448087431694,0.0
0.000546448087431694,0.0
0.000546448087431694,0.0
0.000546448087431694,0.0
0.0010489606502457644,0.0
0.0010489606502457644,0.0
0.0015954087376774582,0.0
0.0026709573542096814,0.0
0.0026709573542096814,0.0
0.0026709573542096814,0.0
0.0026709573542096814,0.0
0.0026709573542096814,0.0
0.0026709573542096814,0.0
0.003705210319690156,0.0
0.0042052103196901554,0.0
0.0057470774983686,0.0
0.006254691711566569,0.0
0.007272510006397193,0.0
0.008746397997165473,0.0
0.008746397997165473,0.0
0.009246397997165473,0.0
0.009246397997165473,0.0
0.01078545692203559,0.0
0.011285456922035591,0.0
0.011787969484849661,0.0
0.014795808748684025,0.0
0.015812714155833334,0.0
0.01827894370905075,0.0
0.019333006009680416,0.0
0.020850746998890425,0.0
0.023358592264144922,0.0
0.02538281619349795,0.0
0.027464385349515518,0.0
0.0284521902275643,0.0
0.03100872030643212,0.0
0.03252624813082377,0.0
0.03452707200957628,0.0
0.03548400980861934,0.0
0.036505721175158296,0.0
0.037986702637493895,0.0
0.04150327590491483,0.0
0.04150327590491483,0.0
0.0445285863227469,0.0
0.04856501893044822,0.0
0.052105467480919244,0.0
0.055607004851535934,0.0
0.06219830470178779,0.0
0.06817373084403762,0.0
0.07422024078284278,0.0
0.07620346475213832,0.0
0.07825942908415776,0.0
0.08696613492038703,0.0
0.09396884875178627,0.0
0.09807486022253051,0.0
0.10400244994461358,0.0
0.11203640591732644,0.0
0.11816341837803197,0.0
0.12078588581849534,0.0
0.12943340569154288,0.0
0.13651887898464618,0.0
0.14302661049554596,0.0
0.1525774894631142,0.0
0.16009101063591497,0.0
0.16460388691119548,0.0
0.1710654726909206,0.0
0.17712785621385946,0.0
0.1857827862798092,0.0
0.1937974099240211,0.0
0.20397250168650824,0.0
0.21247683540666235,0.0
0.22160671803180457,0.0
0.22870305594309603,0.0
0.23923549312118192,0.0
0.24790226651595537,0.0
0.25742422455664093,0.0
0.261978911340206,0.0
0.2690322051307038,0.0
0.2745301122218485,0.0
0.2835842945497156,0.0
0.29570806407646744,0.0
0.30685521988481856,0.0
0.3139453240918063,0.0
0.32507824688761866,0.0
0.33624775689433595,0.0
0.35145112934997863,0.0
0.3635919186064952,0.0
0.3727829077036292,0.0
0.3829195568534488,0.0
0.392567892269407,0.0
0.4039988433070111,0.0
0.41161836277990993,0.0
0.42132477116245254,0.0
0.4344038366940305,0.0
0.45053097043047463,0.0
0.46014776024001397,0.0
0.47217083036323515,0.0
0.48755992371774803,0.0
0.4950228913474553,0.0
0.5060233242890826,0.0
0.518073964857036,0.0
0.525247705902138,0.0
0.5314190176834289,0.0
0.5424660352355282,0.0
0.5546597343161321,0.0
0.5667803148248796,0.0
0.5798301850376499,0.0007142857142857143
0.5883467397355373,0.0007142857142857143
0.5983495387190285,0.0007142857142857143
0.6120076250867346,0.0007142857142857143
0.6231069641845777,0.0007142857142857143
0.6291623459744138,0.0007142857142857143
0.6372020429386163,0.0007142857142857143
0.6458503216841806,0.0014285714285714286
0.6555356675334316,0.002123015873015873
0.6616620165270832,0.002123015873015873
0.6702567597150686,0.0027941568126131884
0.6788053505066165,0.0027941568126131884
0.6889572939057864,0.003447751583855019
0.6975995958548854,0.004162037298140733
0.704810013119821,0.006265211901315336
0.7139257725510522,0.006890211901315335
0.7231509304169117,0.006890211901315335
0.729264775930935,0.00815928820653622
0.7342612380671728,0.00815928820653622
0.7408535584821376,0.008825954873202885
0.7495008811652613,0.009428364511757102
0.7580852407864185,0.009428364511757102
0.765654406836646,0.010715616167386243
0.7717458083625095,0.011984692472607127
0.7762939166353595,0.014036785793156823
0.7823955722479871,0.015393481893230403
0.7894923718960934,0.016749554339677036
0.797118894490543,0.01742069527927435
0.8016911804027002,0.01742069527927435
0.8118996578084271,0.018134980993560066
0.8204247843917696,0.018134980993560066
0.826446690361631,0.020187792985936925
0.8300085471415191,0.02223099702251844
0.8380718403972771,0.023518248678147582
0.8431249275057094,0.025527915895836046
0.8497315899790134,0.026777915895836047
0.8578280674165013,0.029595376213296366
0.86539656321739,0.032993076266665894
0.867911702074634,0.034915747343128606
0.872456236226405,0.0375823749500515
0.8789911781208337,0.04084189925793349
0.8881705042114643,0.042170817580229294
0.8912151363040823,0.0468260089832791
0.8948037942150755,0.05156969933503184
0.9008762537280303,0.054916941759403405
0.9059001955227861,0.058817029707469805
0.9104569322837195,0.06418303735675
0.9130772580083502,0.06808322192182965
0.9165510753587606,0.07139131965217539
0.9205769072990881,0.07674819353792833
0.9246871530979757,0.0840368651364324
0.9272150981688185,0.09206802781303958
0.9291864029564147,0.10271377138224842
0.9322623450038259,0.10872068950833236
0.934224037872643,0.1227890592523991
0.937217915464621,0.13463976500852287
0.9382572200753542,0.14250496863343892
0.940255454085672,0.15376853342628216
0.9427972712592192,0.16522091561740743
0.9463610181846789,0.1798596127186388
0.9499644670874778,0.19446289640585984
0.9519459692914441,0.20503607241501015
0.9529215790475417,0.22367119124538415
0.9553889459788538,0.2302299255984567
0.9594995950287453,0.24522530143516974
0.962505140896004,0.2666653669831939
0.9660018715263663,0.2809533940892995
0.9664944823638046,0.2968401114268479
0.9700285248940025,0.3155336982239624
0.9725366606296959,0.3319833569120603
0.9735948616878968,0.3550070024112889
0.9755859699262446,0.3753510111258033
0.977086194976881,0.3950143820280372
0.9786280621555594,0.4160947218453875
0.979659675247474,0.4346840148479032
0.9831991783892191,0.4570577218137909
0.9831991783892191,0.4845492644694119
0.9836917892266575,0.5082880256454901
0.9847167062136106,0.523560810793142
0.9862610351691071,0.5464865908774299
0.9862610351691071,0.5694031404753668
0.987309995819353,0.5903700374025005
0.9882884647188744,0.6129371834467136
0.9882884647188744,0.6367139008377685
0.988766933618396,0.6571866098211059
0.989774547831594,0.6791713594909138
0.9912847519132267,0.7049788194598439
0.9918312000006584,0.7232622958412731
0.9928603005297589,0.7437844883873688
0.9938628130925728,0.7630638147024145
0.9938628130925728,0.7776375076453809
0.9943628130925729,0.7968863539450813
0.9948730171742055,0.8153537702052092
0.9959194652616372,0.8339040170831445
0.996407270139686,0.8471023271702391
0.9973975875805488,0.8602300721797865
0.9973975875805488,0.8693852765519363
0.9973975875805488,0.8797702074650884
0.9979440356679806,0.891282781565536
0.9984904837554123,0.9065340670703982
0.9990195842845129,0.9183297051420258
0.9990195842845129,0.9238321562282283
0.9995073891625615,0.9291303800718801
0.9995073891625615,0.9337056557884328
0.9995073891625615,0.9411246361599217
0.9995073891625615,0.9469559218146962
0.9995073891625615,0.9515949203955089
0.9995073891625615,0.9582109856020583
0.9995073891625615,0.9623107572321203
0.9995073891625615,0.9687524710824862
0.9995073891625615,0.9734675939923851
0.9995073891625615,0.9760742900924587
0.9995073891625615,0.97992305712527
1.0,0.9826131458205699
1.0,0.9873567466825482
1.0,0.9906856259451002
1.0,0.9927566077594596
1.0,0.9927566077594596
1.0,0.9940066077594596
1.0,0.995211427036568
1.0,0.9965186165790516
1.0,0.9965186165790516
1.0,0.9965186165790516
1.0,0.9972329022933375
1.0,0.9979471880076233
1.0,0.9986321195144725
1.0,0.9986321195144725
1.0,0.9986321195144725
1.0,0.9986321195144725
1.0,0.9986321195144725
1.0,0.9986321195144725
1.0,0.9986321195144725
1.0,0.9986321195144725
1.0,0.9986321195144725
1.0,0.9986321195144725
1.0,0.9986321195144725
1.0,0.9986321195144725
1.0,0.9992857142857143
1.0,0.9992857142857143
1.0,0.9992857142857143
1.0,0.9992857142857143
1.0,0.9992857142857143
1.0,0.9992857142857143
1.0,0.9992857142857143
1.0,1.0
1.0,1.0
1.0,1.0
1.0,1.0
1.0,1.0
1.0,1.0
1.0,1.0
1.0,1.0
1.0,1.0
1.0,1.0
1.0,1.0
1.0,1.0
1.0,1.0
1.0,1.0
1.0,1.0
1.0,1.0
1.0,1.0
1.0,1.0
1.0,1.0
1.0,1.0
1.0,1.0
1.0,1.0
1.0,1.0
1.0,1.0
1.0,1.0
1.0,1.0
1.0,1.0
1.0,1.0
1.0,1.0
1.0,1.0
1.0,1.0
1.0,1.0
1.0,1.0
1.0,1.0
1.0,1.0
1.0,1.0
1.0,1.0
1.0,1.0
1.0,1.0
1.0,1.0
1.0,1.0
1.0,1.0
1.0,1.0
1.0,1.0
1.0,1.0
1.0,1.0
1.0,1.0
1.0,1.0
1.0,1.0
1.0,1.0
1.0,1.0
1.0,1.0
1.0,1.0
1.0,1.0
1.0,1.0
1.0,1.0
1.0,1.0
1.0,1.0
1.0,1.0
1.0,1.0
1.0,1.0
1.0,1.0
1.0,1.0
1.0,1.0
1.0,1.0
1.0,1.0
1.0,1.0
1.0,1.0
1.0,1.0
1.0,1.0
1.0,1.0
1.0,1.0
1.0,1.0
1.0,1.0
1.0,1.0
1.0,1.0
1.0,1.0
1.0,1.0
1.0,1.0
1.0,1.0
1.0,1.0
1.0,1.0
1.0,1.0
1.0,1.0
1.0,1.0
1.0,1.0
1.0,1.0
1.0,1.0
1.0,1.0
1.0,1.0
1.0,1.0
1.0,1.0
1.0,1.0
1.0,1.0
1.0,1.0
1.0,1.0
1.0,1.0
1.0,1.0
1.0,1.0
1.0,1.0
1.0,1.0
1.0,1.0
1.0,1.0
1.0,1.0
1.0,1.0
1.0,1.0
1.0,1.0
1.0,1.0
1.0,1.0
1.0,1.0
1.0,1.0
1.0,1.0
1.0,1.0
1.0,1.0
1.0,1.0
1.0,1.0
1.0,1.0
1.0,1.0
1.0,1.0
1.0,1.0
1.0,1.0
1.0,1.0
1.0,1.0
1.0,1.0
1.0,1.0
1.0,1.0
1.0,1.0
1.0,1.0
1.0,1.0
1.0,1.0
1.0,1.0
1.0,1.0
1.0,1.0
1.0,1.0
1.0,1.0
1.0,1.0
1.0,1.0
1.0,1.0
1.0,1.0
1.0,1.0
1.0,1.0
1.0,1.0
1.0,1.0
1.0,1.0
1.0,1.0
1.0,1.0
1.0,1.0
1.0,1.0
1.0,1.0
1.0,1.0
1.0,1.0
1.0,1.0
1.0,1.0
1.0,1.0
1.0,1.0
1.0,1.0
1.0,1.0
1.0,1.0
1.0,1.0
1.0,1.0
1.0,1.0
1.0,1.0
1.0,1.0
1.0,1.0
1.0,1.0
1.0,1.0
1.0,1.0
1.0,1.0
1.0,1.0
1.0,1.0
1.0,1.0
1.0,1.0
1.0,1.0
1.0,1.0
1.0,1.0
1.0,1.0
1.0,1.0
1.0,1.0
1.0,1.0
1.0,1.0
1.0,1.0
1.0,1.0
1.0,1.0
1.0,1.0
1.0,1.0
1.0,1.0
1.0,1.0
1.0,1.0
1.0,1.0
1.0,1.0
1.0,1.0
1.0,1.0
1.0,1.0
1.0,1.0
1.0,1.0
1.0,1.0
1.0,1.0
1.0,1.0
1.0,1.0
1.0,1.0
1.0,1.0
1.0,1.0
1.0,1.0
1.0,1.0
1.0,1.0
1.0,1.0
1.0,1.0
1.0,1.0
1.0,1.0
1.0,1.0
1.0,1.0
1.0,1.0
1.0,1.0
1.0,1.0
1.0,1.0
1.0,1.0
1.0,1.0
1.0,1.0
1.0,1.0
1.0,1.0
1.0,1.0
1.0,1.0
1.0,1.0
1.0,1.0
1.0,1.0
1.0,1.0
1.0,1.0
1.0,1.0
1.0,1.0
1.0,1.0
1.0,1.0
1.0,1.0
1.0,1.0
1.0,1.0
1.0,1.0
1.0,1.0
1.0,1.0
1.0,1.0
1.0,1.0
1.0,1.0
1.0,1.0
1.0,1.0
1.0,1.0
1.0,1.0
1.0,1.0
1.0,1.0
1.0,1.0
1.0,1.0
1.0,1.0
1.0,1.0
1.0,1.0
1.0,1.0
1.0,1.0
1.0,1.0
1.0,1.0
1.0,1.0
1.0,1.0
1.0,1.0
1.0,1.0
1.0,1.0
1.0,1.0
1.0,1.0
1.0,1.0
1.0,1.0
1.0,1.0
1.0,1.0
1.0,1.0
1.0,1.0
1.0,1.0
1.0,1.0
1.0,1.0
1.0,1.0
1.0,1.0
1.0,1.0
1.0,1.0
1.0,1.0
1.0,1.0
1.0,1.0
1.0,1.0
1.0,1.0
1.0,1.0
1.0,1.0
1.0,1.0
1.0,1.0
1.0,1.0
1.0,1.0
1.0,1.0
1.0,1.0
1.0,1.0
1.0,1.0
1.0,1.0
1.0,1.0
1.0,1.0
1.0,1.0
1.0,1.0
1.0,1.0
1.0,1.0
1.0,1.0
1.0,1.0
1.0,1.0
1.0,1.0
1.0,1.0
1.0,1.0
1.0,1.0
1.0,1.0
1.0,1.0
1.0,1.0
1.0,1.0
1.0,1.0
1.0,1.0
1.0,1.0
1.0,1.0
1.0,1.0
1.0,1.0
1.0,1.0
1.0,1.0
1.0,1.0
1.0,1.0
1.0,1.0
1.0,1.0
1.0,1.0
1.0,1.0
1.0,1.0
1.0,1.0
1.0,1.0
1.0,1.0
1.0,1.0
1.0,1.0
1.0,1.0
1.0,1.0
1.0,1.0
1.0,1.0
1.0,1.0
1.0,1.0
1.0,1.0
1.0,1.0
1.0,1.0
1.0,1.0
1.0,1.0
1.0,1.0
1.0,1.0
1.0,1.0
1.0,1.0
1.0,1.0
1.0,1.0
1.0,1.0
1.0,1.0
1.0,1.0
1.0,1.0
1.0,1.0
1.0,1.0
1.0,1.0
1.0,1.0
1.0,1.0
1.0,1.0
1.0,1.0
1.0,1.0
1.0,1.0
1.0,1.0
1.0,1.0
1.0,1.0
1.0,1.0
1.0,1.0
1.0,1.0
1.0,1.0
1.0,1.0
1.0,1.0
1.0,1.0
1.0,1.0
1.0,1.0
1.0,1.0
1.0,1.0
1.0,1.0
1.0,1.0
1.0,1.0
1.0,1.0
1.0,1.0
1.0,1.0
1.0,1.0
1.0,1.0
1.0,1.0
1.0,1.0
1.0,1.0
1.0,1.0
1.0,1.0
1.0,1.0
1.0,1.0
1.0,1.0
1.0,1.0
1.0,1.0
1.0,1.0
1.0,1.0
1.0,1.0
1.0,1.0
1.0,1.0
1.0,1.0
1.0,1.0
1.0,1.0
1.0,1.0
1.0,1.0
1.0,1.0
1.0,1.0
1.0,1.0
1.0,1.0
1.0,1.0
1.0,1.0
1.0,1.0
1.0,1.0
1.0,1.0
1.0,1.0
1.0,1.0
1.0,1.0
1.0,1.0
1.0,1.0
1.0,1.0
1.0,1.0
1.0,1.0
1.0,1.0
1.0,1.0
1.0,1.0
1.0,1.0
1.0,1.0
1.0,1.0
1.0,1.0
1.0,1.0
1.0,1.0
1.0,1.0
1.0,1.0
1.0,1.0
1.0,1.0
1.0,1.0
1.0,1.0
1.0,1.0
1.0,1.0
1.0,1.0
1.0,1.0
1.0,1.0
1.0,1.0
1.0,1.0
1.0,1.0
1.0,1.0
1.0,1.0
1.0,1.0
1.0,1.0
1.0,1.0
1.0,1.0
1.0,1.0
1.0,1.0
1.0,1.0
1.0,1.0
1.0,1.0
1.0,1.0
1.0,1.0
1.0,1.0
1.0,1.0
1.0,1.0
1.0,1.0
1.0,1.0
1.0,1.0
1.0,1.0
1.0,1.0
1.0,1.0
1.0,1.0
1.0,1.0
1.0,1.0
1.0,1.0
1.0,1.0
1.0,1.0
1.0,1.0
1.0,1.0
1.0,1.0
1.0,1.0
1.0,1.0
1.0,1.0
1.0,1.0
1.0,1.0
1.0,1.0
1.0,1.0
1.0,1.0
1.0,1.0
1.0,1.0
1.0,1.0
1.0,1.0
1.0,1.0
1.0,1.0
1.0,1.0
1.0,1.0
1.0,1.0
1.0,1.0
1.0,1.0
1.0,1.0
1.0,1.0
1.0,1.0
1.0,1.0
1.0,1.0
1.0,1.0
1.0,1.0
1.0,1.0
1.0,1.0
1.0,1.0
1.0,1.0
1.0,1.0
1.0,1.0
1.0,1.0
1.0,1.0
1.0,1.0
1.0,1.0
1.0,1.0
1.0,1.0
1.0,1.0
1.0,1.0
1.0,1.0
1.0,1.0
1.0,1.0
1.0,1.0
1.0,1.0
1.0,1.0
1.0,1.0
1.0,1.0
1.0,1.0
1.0,1.0
1.0,1.0
1.0,1.0
1.0,1.0
1.0,1.0
1.0,1.0
1.0,1.0
1.0,1.0
1.0,1.0
1.0,1.0
1.0,1.0
1.0,1.0
1.0,1.0
1.0,1.0
1.0,1.0
1.0,1.0
1.0,1.0
1.0,1.0
1.0,1.0
1.0,1.0
1.0,1.0
1.0,1.0
1.0,1.0
1.0,1.0
1.0,1.0
1.0,1.0
1.0,1.0
1.0,1.0
1.0,1.0
1.0,1.0
1.0,1.0
1.0,1.0
1.0,1.0
1.0,1.0
1.0,1.0
1.0,1.0
1.0,1.0
1.0,1.0
1.0,1.0
1.0,1.0
1.0,1.0
1.0,1.0
1.0,1.0
1.0,1.0
1.0,1.0
1.0,1.0
1.0,1.0
1.0,1.0
1.0,1.0
1.0,1.0
1.0,1.0
1.0,1.0
1.0,1.0
1.0,1.0
1.0,1.0
1.0,1.0
1.0,1.0
1.0,1.0
1.0,1.0
1.0,1.0
1.0,1.0
1.0,1.0
1.0,1.0
1.0,1.0
1.0,1.0
1.0,1.0
1.0,1.0
1.0,1.0
1.0,1.0
1.0,1.0
1.0,1.0
1.0,1.0
1.0,1.0
1.0,1.0
1.0,1.0
1.0,1.0
1.0,1.0
1.0,1.0
1.0,1.0
1.0,1.0
1.0,1.0
1.0,1.0
1.0,1.0
1.0,1.0
1.0,1.0
1.0,1.0
1.0,1.0
1.0,1.0
1.0,1.0
1.0,1.0
1.0,1.0
1.0,1.0
1.0,1.0
1.0,1.0
1.0,1.0
1.0,1.0
1.0,1.0
1.0,1.0
1.0,1.0
1.0,1.0
1.0,1.0
1.0,1.0
1.0,1.0
1.0,1.0
1.0,1.0
1.0,1.0
1.0,1.0
1.0,1.0
1.0,1.0
1.0,1.0
1.0,1.0
1.0,1.0
1.0,1.0
1.0,1.0
1.0,1.0
1.0,1.0
1.0,1.0
1.0,1.0
1.0,1.0
1.0,1.0
1.0,1.0
1.0,1.0
1.0,1.0
1.0,1.0
1.0,1.0
1.0,1.0
1.0,1.0
1.0,1.0
1.0,1.0
1.0,1.0
1.0,1.0
1.0,1.0
1.0,1.0
1.0,1.0
1.0,1.0
1.0,1.0
1.0,1.0
1.0,1.0
1.0,1.0
1.0,1.0
1.0,1.0
1.0,1.0
1.0,1.0
1.0,1.0
1.0,1.0
1.0,1.0
1.0,1.0
1.0,1.0
1.0,1.0
1.0,1.0
1.0,1.0
1.0,1.0
1.0,1.0
1.0,1.0
1.0,1.0
1.0,1.0
1.0,1.0
1.0,1.0
1.0,1.0
1.0,1.0
1.0,1.0
1.0,1.0
1.0,1.0
1.0,1.0
1.0,1.0
1.0,1.0
1.0,1.0
1.0,1.0
1.0,1.0
1.0,1.0
1.0,1.0
1.0,1.0
1.0,1.0
1.0,1.0
1.0,1.0
1.0,1.0
1.0,1.0
1.0,1.0
1.0,1.0
1.0,1.0
1.0,1.0
1.0,1.0
1.0,1.0
1.0,1.0
1.0,1.0
1.0,1.0
1.0,1.0
1.0,1.0
1.0,1.0
1.0,1.0
1.0,1.0
1.0,1.0
1.0,1.0
1.0,1.0
1.0,1.0
1.0,1.0
1.0,1.0
1.0,1.0
1.0,1.0
1.0,1.0
1.0,1.0
1.0,1.0
1.0,1.0
1.0,1.0
1.0,1.0
1.0,1.0
1.0,1.0
1.0,1.0
1.0,1.0
1.0,1.0
1.0,1.0
1.0,1.0
1.0,1.0
1.0,1.0
1.0,1.0
1.0,1.0
1.0,1.0
1.0,1.0
1.0,1.0
1.0,1.0
1.0,1.0
1.0,1.0
1.0,1.0
1.0,1.0
1.0,1.0
1.0,1.0
1.0,1.0
1.0,1.0
1.0,1.0
1.0,1.0
1.0,1.0
1.0,1.0
1.0,1.0
1.0,1.0
1.0,1.0
1.0,1.0
1.0,1.0
1.0,1.0
1.0,1.0
1.0,1.0
1.0,1.0
1.0,1.0
1.0,1.0
1.0,1.0
1.0,1.0
1.0,1.0
1.0,1.0
1.0,1.0
1.0,1.0
1.0,1.0
1.0,1.0
1.0,1.0
1.0,1.0
1.0,1.0
1.0,1.0
1.0,1.0
1.0,1.0
1.0,1.0
1.0,1.0
1.0,1.0
1.0,1.0
1.0,1.0
1.0,1.0
1.0,1.0
1.0,1.0
1.0,1.0
1.0,1.0
1.0,1.0
1.0,1.0
1.0,1.0
1.0,1.0
1.0,1.0
1.0,1.0
1.0,1.0
1.0,1.0
1.0,1.0
1.0,1.0
1.0,1.0
1.0,1.0
1.0,1.0
1.0,1.0
1.0,1.0
1.0,1.0
1.0,1.0
1.0,1.0
1.0,1.0
1.0,1.0
1.0,1.0
1.0,1.0
1.0,1.0
1.0,1.0
1.0,1.0
1.0,1.0
1.0,1.0
1.0,1.0
1.0,1.0
1.0,1.0
1.0,1.0
1.0,1.0
1.0,1.0
1.0,1.0
1.0,1.0
1.0,1.0
1.0,1.0
1.0,1.0
1.0,1.0
1.0,1.0
1.0,1.0
1.0,1.0
1.0,1.0
1.0,1.0
1.0,1.0
1.0,1.0
1.0,1.0
1.0,1.0
1.0,1.0
1.0,1.0
1.0,1.0
1.0,1.0
1.0,1.0
1.0,1.0
1.0,1.0
1.0,1.0
1.0,1.0
1.0,1.0
1.0,1.0
1.0,1.0
1.0,1.0
1.0,1.0
1.0,1.0
1.0,1.0
1.0,1.0
1.0,1.0
1.0,1.0
1.0,1.0
1.0,1.0
1.0,1.0
1.0,1.0
1.0,1.0
1.0,1.0
1.0,1.0
1.0,1.0
1.0,1.0
1.0,1.0
1.0,1.0
1.0,1.0
1.0,1.0
1.0,1.0
1.0,1.0
1.0,1.0
1.0,1.0
1.0,1.0
1.0,1.0
1.0,1.0
1.0,1.0
1.0,1.0
1.0,1.0
1.0,1.0
1.0,1.0
1.0,1.0
1.0,1.0
1.0,1.0
1.0,1.0
1.0,1.0
1.0,1.0
1.0,1.0
1.0,1.0
1.0,1.0
1.0,1.0
1.0,1.0
1.0,1.0
1.0,1.0
1.0,1.0
1.0,1.0
1.0,1.0
1.0,1.0
1.0,1.0
1.0,1.0
1.0,1.0
1.0,1.0
1.0,1.0
1.0,1.0
1.0,1.0
1.0,1.0
1.0,1.0
1.0,1.0
1.0,1.0
1.0,1.0
1.0,1.0
1.0,1.0
1.0,1.0
1.0,1.0
1.0,1.0
1.0,1.0
1.0,1.0
1.0,1.0
1.0,1.0
1.0,1.0
1.0,1.0
1.0,1.0
1.0,1.0
1.0,1.0
1.0,1.0
1.0,1.0
1.0,1.0
1.0,1.0
1.0,1.0
1.0,1.0
1.0,1.0
1.0,1.0
1.0,1.0
1.0,1.0
1.0,1.0
1.0,1.0
1.0,1.0
1.0,1.0
1.0,1.0
1.0,1.0
1.0,1.0
1.0,1.0
1.0,1.0
1.0,1.0
1.0,1.0
1.0,1.0
1.0,1.0
1.0,1.0
1.0,1.0
1.0,1.0
1.0,1.0
1.0,1.0
1.0,1.0
1.0,1.0
1.0,1.0
1.0,1.0
1.0,1.0
1.0,1.0
1.0,1.0
1.0,1.0
1.0,1.0
1.0,1.0
1.0,1.0
1.0,1.0
1.0,1.0
1.0,1.0
1.0,1.0
1.0,1.0
1.0,1.0
1.0,1.0
1.0,1.0
1.0,1.0
1.0,1.0
1.0,1.0
1.0,1.0
1.0,1.0
1.0,1.0
1.0,1.0
1.0,1.0
1.0,1.0
1.0,1.0
1.0,1.0
1.0,1.0
1.0,1.0
1.0,1.0
1.0,1.0
1.0,1.0
1.0,1.0
1.0,1.0
1.0,1.0
1.0,1.0
1.0,1.0
1.0,1.0
1.0,1.0
1.0,1.0
1.0,1.0
1.0,1.0
1.0,1.0
1.0,1.0
1.0,1.0
1.0,1.0
1.0,1.0
1.0,1.0
1.0,1.0
1.0,1.0
1.0,1.0
1.0,1.0
1.0,1.0
1.0,1.0
1.0,1.0
1.0,1.0
1.0,1.0
1.0,1.0
1.0,1.0
1.0,1.0
1.0,1.0
1.0,1.0
1.0,1.0
1.0,1.0
1.0,1.0
1.0,1.0
1.0,1.0
1.0,1.0
1.0,1.0
1.0,1.0
1.0,1.0
1.0,1.0
1.0,1.0
1.0,1.0
1.0,1.0
1.0,1.0
1.0,1.0
1.0,1.0
1.0,1.0
1.0,1.0
1.0,1.0
1.0,1.0
1.0,1.0
1.0,1.0
1.0,1.0
1.0,1.0
1.0,1.0
1.0,1.0
1.0,1.0
1.0,1.0
1.0,1.0
1.0,1.0
1.0,1.0
1.0,1.0
1.0,1.0
1.0,1.0
1.0,1.0
1.0,1.0
1.0,1.0
1.0,1.0
1.0,1.0
1.0,1.0
1.0,1.0
1.0,1.0
1.0,1.0
1.0,1.0
1.0,1.0
1.0,1.0
1.0,1.0
1.0,1.0
1.0,1.0
1.0,1.0
1.0,1.0
1.0,1.0
1.0,1.0
1.0,1.0
1.0,1.0
1.0,1.0
1.0,1.0
1.0,1.0
1.0,1.0
1.0,1.0
1.0,1.0
1.0,1.0
1.0,1.0
1.0,1.0
1.0,1.0
1.0,1.0
1.0,1.0
1.0,1.0
1.0,1.0
1.0,1.0
1.0,1.0
1.0,1.0
1.0,1.0
1.0,1.0
1.0,1.0
1.0,1.0
1.0,1.0
1.0,1.0
1.0,1.0
1.0,1.0
1.0,1.0
1.0,1.0
1.0,1.0
1.0,1.0
1.0,1.0
1.0,1.0
1.0,1.0
1.0,1.0
1.0,1.0
1.0,1.0
1.0,1.0
1.0,1.0
1.0,1.0
1.0,1.0
1.0,1.0
1.0,1.0
1.0,1.0
1.0,1.0
1.0,1.0
1.0,1.0
1.0,1.0
1.0,1.0
1.0,1.0
1.0,1.0
1.0,1.0
1.0,1.0
1.0,1.0
1.0,1.0
1.0,1.0
1.0,1.0
1.0,1.0
1.0,1.0
1.0,1.0
1.0,1.0
1.0,1.0
1.0,1.0
1.0,1.0
1.0,1.0
1.0,1.0
1.0,1.0
1.0,1.0
1.0,1.0
1.0,1.0
1.0,1.0
1.0,1.0
1.0,1.0
1.0,1.0
1.0,1.0
1.0,1.0
1.0,1.0
1.0,1.0
1.0,1.0
1.0,1.0
1.0,1.0
1.0,1.0
1.0,1.0
1.0,1.0
1.0,1.0
1.0,1.0
1.0,1.0
1.0,1.0
1.0,1.0
1.0,1.0
1.0,1.0
1.0,1.0
1.0,1.0
1.0,1.0
1.0,1.0
1.0,1.0
1.0,1.0
1.0,1.0
1.0,1.0
1.0,1.0
1.0,1.0
1.0,1.0
1.0,1.0
1.0,1.0
1.0,1.0
1.0,1.0
1.0,1.0
1.0,1.0
1.0,1.0
1.0,1.0
1.0,1.0
1.0,1.0
1.0,1.0
1.0,1.0
1.0,1.0
1.0,1.0
1.0,1.0
1.0,1.0
1.0,1.0
1.0,1.0
1.0,1.0
1.0,1.0
1.0,1.0
1.0,1.0
1.0,1.0
1.0,1.0
1.0,1.0
1.0,1.0
1.0,1.0
1.0,1.0
1.0,1.0
1.0,1.0
1.0,1.0
1.0,1.0
1.0,1.0
1.0,1.0
1.0,1.0
1.0,1.0
1.0,1.0
1.0,1.0
1.0,1.0
1.0,1.0
1.0,1.0
1.0,1.0
1.0,1.0
1.0,1.0
1.0,1.0
1.0,1.0
1.0,1.0
1.0,1.0
1.0,1.0
1.0,1.0
1.0,1.0
1.0,1.0
1.0,1.0
1.0,1.0
1.0,1.0
1.0,1.0
1.0,1.0
1.0,1.0
1.0,1.0
1.0,1.0
1.0,1.0
1.0,1.0
1.0,1.0
1.0,1.0
1.0,1.0
1.0,1.0
1.0,1.0
1.0,1.0
1.0,1.0
1.0,1.0
1.0,1.0
1.0,1.0
1.0,1.0
1.0,1.0
1.0,1.0
1.0,1.0
1.0,1.0
1.0,1.0
1.0,1.0
1.0,1.0
1.0,1.0
1.0,1.0
1.0,1.0
1.0,1.0
1.0,1.0
1.0,1.0
1.0,1.0
1.0,1.0
1.0,1.0
1.0,1.0
1.0,1.0
1.0,1.0
1.0,1.0
1.0,1.0
1.0,1.0
1.0,1.0
1.0,1.0
1.0,1.0
1.0,1.0
1.0,1.0
1.0,1.0
1.0,1.0
1.0,1.0
1.0,1.0
1.0,1.0
1.0,1.0
1.0,1.0
1.0,1.0
1.0,1.0
1.0,1.0
1.0,1.0
1.0,1.0
1.0,1.0
1.0,1.0
1.0,1.0
1.0,1.0
1.0,1.0
1.0,1.0
1.0,1.0
1.0,1.0
1.0,1.0
1.0,1.0
1.0,1.0
1.0,1.0
1.0,1.0
1.0,1.0
1.0,1.0
1.0,1.0
1.0,1.0
1.0,1.0
1.0,1.0
1.0,1.0
1.0,1.0
1.0,1.0
1.0,1.0
1.0,1.0
1.0,1.0
1.0,1.0
1.0,1.0
1.0,1.0
1.0,1.0
1.0,1.0
1.0,1.0
1.0,1.0
1.0,1.0
1.0,1.0
1.0,1.0
1.0,1.0
1.0,1.0
1.0,1.0
1.0,1.0
1.0,1.0
1.0,1.0
1.0,1.0
1.0,1.0
1.0,1.0
1.0,1.0
1.0,1.0
1.0,1.0
1.0,1.0
1.0,1.0
1.0,1.0
1.0,1.0
1.0,1.0
1.0,1.0
1.0,1.0
1.0,1.0
1.0,1.0
1.0,1.0
1.0,1.0
1.0,1.0
1.0,1.0
1.0,1.0
1.0,1.0
1.0,1.0
1.0,1.0
1.0,1.0
1.0,1.0
1.0,1.0
1.0,1.0
1.0,1.0
1.0,1.0
1.0,1.0
1.0,1.0
1.0,1.0
1.0,1.0
1.0,1.0
1.0,1.0
1.0,1.0
1.0,1.0
1.0,1.0
1.0,1.0
1.0,1.0
1.0,1.0
1.0,1.0
1.0,1.0
1.0,1.0
1.0,1.0
1.0,1.0
1.0,1.0
1.0,1.0
1.0,1.0
1.0,1.0
1.0,1.0
1.0,1.0
1.0,1.0
1.0,1.0
1.0,1.0
1.0,1.0
1.0,1.0
1.0,1.0
1.0,1.0
1.0,1.0
1.0,1.0
1.0,1.0
1.0,1.0
1.0,1.0
1.0,1.0
1.0,1.0
1.0,1.0
1.0,1.0
1.0,1.0
1.0,1.0
1.0,1.0
1.0,1.0
1.0,1.0
1.0,1.0
1.0,1.0
1.0,1.0
1.0,1.0
1.0,1.0
1.0,1.0
1.0,1.0
1.0,1.0
1.0,1.0
1.0,1.0
1.0,1.0
1.0,1.0
1.0,1.0
1.0,1.0
1.0,1.0
1.0,1.0
1.0,1.0
1.0,1.0
1.0,1.0
1.0,1.0
1.0,1.0
1.0,1.0
1.0,1.0
1.0,1.0
1.0,1.0
1.0,1.0
1.0,1.0
1.0,1.0
1.0,1.0
1.0,1.0
1.0,1.0
1.0,1.0
1.0,1.0
1.0,1.0
1.0,1.0
1.0,1.0
1.0,1.0
1.0,1.0
1.0,1.0
1.0,1.0
1.0,1.0
1.0,1.0
1.0,1.0
1.0,1.0
1.0,1.0
1.0,1.0
1.0,1.0
1.0,1.0
1.0,1.0
1.0,1.0
1.0,1.0
1.0,1.0
1.0,1.0
1.0,1.0
1.0,1.0
1.0,1.0
1.0,1.0
1.0,1.0
1.0,1.0
1.0,1.0
1.0,1.0
1.0,1.0
1.0,1.0
1.0,1.0
1.0,1.0
1.0,1.0
1.0,1.0
1.0,1.0
1.0,1.0
1.0,1.0
1.0,1.0
1.0,1.0
1.0,1.0
1.0,1.0
1.0,1.0
1.0,1.0
1.0,1.0
1.0,1.0
1.0,1.0
1.0,1.0
1.0,1.0
1.0,1.0
1.0,1.0
1.0,1.0
1.0,1.0
1.0,1.0
1.0,1.0
1.0,1.0
1.0,1.0
1.0,1.0
1.0,1.0
1.0,1.0
1.0,1.0
1.0,1.0
1.0,1.0
1.0,1.0
1.0,1.0
1.0,1.0
1.0,1.0
1.0,1.0
1.0,1.0
1.0,1.0
1.0,1.0
1.0,1.0
1.0,1.0
1.0,1.0
1.0,1.0
1.0,1.0
1.0,1.0
1.0,1.0
1.0,1.0
1.0,1.0
1.0,1.0
1.0,1.0
1.0,1.0
1.0,1.0
1.0,1.0
1.0,1.0
1.0,1.0
1.0,1.0
1.0,1.0
1.0,1.0
1.0,1.0
1.0,1.0
1.0,1.0
1.0,1.0
1.0,1.0
1.0,1.0
1.0,1.0
1.0,1.0
1.0,1.0
1.0,1.0
1.0,1.0
1.0,1.0
1.0,1.0
1.0,1.0
1.0,1.0
1.0,1.0
1.0,1.0
1.0,1.0
1.0,1.0
1.0,1.0
1.0,1.0
1.0,1.0
1.0,1.0
1.0,1.0
1.0,1.0
1.0,1.0
1.0,1.0
1.0,1.0
1.0,1.0
1.0,1.0
1.0,1.0
1.0,1.0
1.0,1.0
1.0,1.0
1.0,1.0
1.0,1.0
1.0,1.0
1.0,1.0
1.0,1.0
1.0,1.0
1.0,1.0
1.0,1.0
1.0,1.0
1.0,1.0
1.0,1.0
1.0,1.0
1.0,1.0
1.0,1.0
1.0,1.0
1.0,1.0
1.0,1.0
1.0,1.0
1.0,1.0
1.0,1.0
1.0,1.0
1.0,1.0
1.0,1.0
1.0,1.0
1.0,1.0
1.0,1.0
1.0,1.0
1.0,1.0
1.0,1.0
1.0,1.0
1.0,1.0
1.0,1.0
1.0,1.0
1.0,1.0
1.0,1.0
1.0,1.0
1.0,1.0
1.0,1.0
1.0,1.0
1.0,1.0
1.0,1.0
1.0,1.0
1.0,1.0
1.0,1.0
1.0,1.0
1.0,1.0
1.0,1.0
1.0,1.0
1.0,1.0
1.0,1.0
1.0,1.0
1.0,1.0
1.0,1.0
1.0,1.0
1.0,1.0
1.0,1.0
1.0,1.0
1.0,1.0
1.0,1.0
1.0,1.0
1.0,1.0
1.0,1.0
1.0,1.0
1.0,1.0
1.0,1.0
1.0,1.0
1.0,1.0
1.0,1.0
1.0,1.0
1.0,1.0
1.0,1.0
1.0,1.0
1.0,1.0
1.0,1.0
1.0,1.0
1.0,1.0
1.0,1.0
1.0,1.0
1.0,1.0
1.0,1.0
1.0,1.0
1.0,1.0
1.0,1.0
1.0,1.0
1.0,1.0
1.0,1.0
1.0,1.0
1.0,1.0
1.0,1.0
1.0,1.0
1.0,1.0
1.0,1.0
1.0,1.0
1.0,1.0
1.0,1.0
1.0,1.0
1.0,1.0
1.0,1.0
1.0,1.0
1.0,1.0
1.0,1.0
1.0,1.0
1.0,1.0
1.0,1.0
1.0,1.0
1.0,1.0
1.0,1.0
1.0,1.0
1.0,1.0
1.0,1.0
1.0,1.0
1.0,1.0
1.0,1.0
1.0,1.0
1.0,1.0
1.0,1.0
1.0,1.0
1.0,1.0
1.0,1.0
1.0,1.0
1.0,1.0
1.0,1.0
1.0,1.0
1.0,1.0
1.0,1.0
1.0,1.0
1.0,1.0
1.0,1.0
1.0,1.0
1.0,1.0
1.0,1.0
1.0,1.0
1.0,1.0
1.0,1.0
1.0,1.0
1.0,1.0
1.0,1.0
1.0,1.0
1.0,1.0
1.0,1.0
1.0,1.0
1.0,1.0
1.0,1.0
1.0,1.0
1.0,1.0
1.0,1.0
1.0,1.0
1.0,1.0
1.0,1.0
1.0,1.0
1.0,1.0
1.0,1.0
1.0,1.0
1.0,1.0
1.0,1.0
1.0,1.0
1.0,1.0
1.0,1.0
1.0,1.0
1.0,1.0
1.0,1.0
1.0,1.0
1.0,1.0
1.0,1.0
1.0,1.0
1.0,1.0
1.0,1.0
1.0,1.0
1.0,1.0
1.0,1.0
1.0,1.0
1.0,1.0
1.0,1.0
1.0,1.0
1.0,1.0
1.0,1.0
1.0,1.0
1.0,1.0
1.0,1.0
1.0,1.0
1.0,1.0
1.0,1.0
1.0,1.0
1.0,1.0
1.0,1.0
1.0,1.0
1.0,1.0
1.0,1.0
1.0,1.0
1.0,1.0
1.0,1.0
1.0,1.0
1.0,1.0
1.0,1.0
1.0,1.0
1.0,1.0
1.0,1.0
1.0,1.0
1.0,1.0
1.0,1.0
1.0,1.0
1.0,1.0
1.0,1.0
1.0,1.0
1.0,1.0
1.0,1.0
1.0,1.0
1.0,1.0
1.0,1.0
1.0,1.0
1.0,1.0
1.0,1.0
1.0,1.0
1.0,1.0
1.0,1.0
1.0,1.0
1.0,1.0
1.0,1.0
1.0,1.0
1.0,1.0
1.0,1.0
1.0,1.0
1.0,1.0
1.0,1.0
1.0,1.0
1.0,1.0
1.0,1.0
1.0,1.0
1.0,1.0
1.0,1.0
1.0,1.0
1.0,1.0
1.0,1.0
1.0,1.0
1.0,1.0
1.0,1.0
1.0,1.0
1.0,1.0
1.0,1.0
1.0,1.0
1.0,1.0
1.0,1.0
1.0,1.0
1.0,1.0
1.0,1.0
1.0,1.0
1.0,1.0
1.0,1.0
1.0,1.0
1.0,1.0
1.0,1.0
1.0,1.0
1.0,1.0
1.0,1.0
1.0,1.0
1.0,1.0
1.0,1.0
1.0,1.0
1.0,1.0
1.0,1.0
1.0,1.0
1.0,1.0
1.0,1.0
1.0,1.0
1.0,1.0
1.0,1.0
1.0,1.0
1.0,1.0
1.0,1.0
1.0,1.0
1.0,1.0
1.0,1.0
1.0,1.0
1.0,1.0
1.0,1.0
1.0,1.0
1.0,1.0
1.0,1.0
1.0,1.0
1.0,1.0
1.0,1.0
1.0,1.0
1.0,1.0
1.0,1.0
1.0,1.0
1.0,1.0
1.0,1.0
1.0,1.0
1.0,1.0
1.0,1.0
1.0,1.0
1.0,1.0
1.0,1.0
1.0,1.0
1.0,1.0
1.0,1.0
1.0,1.0
1.0,1.0
1.0,1.0
1.0,1.0
1.0,1.0
1.0,1.0
1.0,1.0
1.0,1.0
1.0,1.0
1.0,1.0
1.0,1.0
1.0,1.0
1.0,1.0
1.0,1.0
1.0,1.0
1.0,1.0
1.0,1.0
1.0,1.0
1.0,1.0
1.0,1.0
1.0,1.0
1.0,1.0
1.0,1.0
1.0,1.0
1.0,1.0
1.0,1.0
1.0,1.0
1.0,1.0
1.0,1.0
1.0,1.0
1.0,1.0
1.0,1.0
1.0,1.0
1.0,1.0
1.0,1.0
1.0,1.0
1.0,1.0
1.0,1.0
1.0,1.0
1.0,1.0
1.0,1.0
1.0,1.0
1.0,1.0
1.0,1.0
1.0,1.0
1.0,1.0
1.0,1.0
1.0,1.0
1.0,1.0
1.0,1.0
1.0,1.0
1.0,1.0
1.0,1.0
1.0,1.0
1.0,1.0
1.0,1.0
1.0,1.0
1.0,1.0
1.0,1.0
1.0,1.0
1.0,1.0
1.0,1.0
1.0,1.0
1.0,1.0
1.0,1.0
1.0,1.0
1.0,1.0
1.0,1.0
1.0,1.0
1.0,1.0
1.0,1.0
1.0,1.0
1.0,1.0
1.0,1.0
1.0,1.0
1.0,1.0
1.0,1.0
1.0,1.0
1.0,1.0
1.0,1.0
1.0,1.0
1.0,1.0
1.0,1.0
1.0,1.0
1.0,1.0
1.0,1.0
1.0,1.0
1.0,1.0
1.0,1.0
1.0,1.0
1.0,1.0
1.0,1.0
1.0,1.0
1.0,1.0
1.0,1.0
1.0,1.0
1.0,1.0
1.0,1.0
1.0,1.0
1.0,1.0
1.0,1.0
1.0,1.0
1.0,1.0
1.0,1.0
1.0,1.0
1.0,1.0
1.0,1.0
1.0,1.0
1.0,1.0
1.0,1.0
1.0,1.0
1.0,1.0
1.0,1.0
1.0,1.0
1.0,1.0
1.0,1.0
1.0,1.0
1.0,1.0
1.0,1.0
1.0,1.0
1.0,1.0
1.0,1.0
1.0,1.0
1.0,1.0
1.0,1.0
1.0,1.0
1.0,1.0
1.0,1.0
1.0,1.0
1.0,1.0
1.0,1.0
1.0,1.0
1.0,1.0
1.0,1.0
1.0,1.0
1.0,1.0
1.0,1.0
1.0,1.0
1.0,1.0
1.0,1.0
1.0,1.0
1.0,1.0
1.0,1.0
1.0,1.0
1.0,1.0
1.0,1.0
1.0,1.0
1.0,1.0
1.0,1.0
1.0,1.0
1.0,1.0
1.0,1.0
1.0,1.0
1.0,1.0
1.0,1.0
1.0,1.0
1.0,1.0
1.0,1.0
1.0,1.0
1.0,1.0
1.0,1.0
1.0,1.0
1.0,1.0
1.0,1.0
1.0,1.0
1.0,1.0
1.0,1.0
1.0,1.0
1.0,1.0
1.0,1.0
1.0,1.0
1.0,1.0
1.0,1.0
1.0,1.0
1.0,1.0
1.0,1.0
1.0,1.0
1.0,1.0
1.0,1.0
1.0,1.0
1.0,1.0
1.0,1.0
1.0,1.0
1.0,1.0
1.0,1.0
1.0,1.0
1.0,1.0
1.0,1.0
1.0,1.0
1.0,1.0
1.0,1.0
1.0,1.0
1.0,1.0
1.0,1.0
1.0,1.0
1.0,1.0
1.0,1.0
1.0,1.0
1.0,1.0
1.0,1.0
1.0,1.0
1.0,1.0
1.0,1.0
1.0,1.0
1.0,1.0
1.0,1.0
1.0,1.0
1.0,1.0
1.0,1.0
1.0,1.0
1.0,1.0
1.0,1.0
1.0,1.0
1.0,1.0
1.0,1.0
1.0,1.0
1.0,1.0
1.0,1.0
1.0,1.0
1.0,1.0
1.0,1.0
1.0,1.0
1.0,1.0
1.0,1.0
1.0,1.0
1.0,1.0
1.0,1.0
1.0,1.0
1.0,1.0
1.0,1.0
1.0,1.0
1.0,1.0
1.0,1.0
1.0,1.0
1.0,1.0
1.0,1.0
1.0,1.0
1.0,1.0
1.0,1.0
1.0,1.0
1.0,1.0
1.0,1.0
1.0,1.0
1.0,1.0
1.0,1.0
1.0,1.0
1.0,1.0
1.0,1.0
1.0,1.0
1.0,1.0
1.0,1.0
1.0,1.0
1.0,1.0
1.0,1.0
1.0,1.0
1.0,1.0
1.0,1.0
1.0,1.0
1.0,1.0
1.0,1.0
1.0,1.0
1.0,1.0
1.0,1.0
1.0,1.0
1.0,1.0
1.0,1.0
1.0,1.0
1.0,1.0
1.0,1.0
1.0,1.0
1.0,1.0
1.0,1.0
1.0,1.0
1.0,1.0
1.0,1.0
1.0,1.0
1.0,1.0
1.0,1.0
1.0,1.0
1.0,1.0
1.0,1.0
1.0,1.0
1.0,1.0
1.0,1.0
1.0,1.0
1.0,1.0
1.0,1.0
1.0,1.0
1.0,1.0
1.0,1.0
1.0,1.0
1.0,1.0
1.0,1.0
1.0,1.0
1.0,1.0
1.0,1.0
1.0,1.0
1.0,1.0
1.0,1.0
1.0,1.0
1.0,1.0
1.0,1.0
1.0,1.0
1.0,1.0
1.0,1.0
1.0,1.0
1.0,1.0
1.0,1.0
1.0,1.0
1.0,1.0
1.0,1.0
1.0,1.0
1.0,1.0
1.0,1.0
1.0,1.0
1.0,1.0
1.0,1.0
1.0,1.0
1.0,1.0
1.0,1.0
1.0,1.0
1.0,1.0
1.0,1.0
1.0,1.0
1.0,1.0
1.0,1.0
1.0,1.0
1.0,1.0
1.0,1.0
1.0,1.0
1.0,1.0
1.0,1.0
1.0,1.0
1.0,1.0
1.0,1.0
1.0,1.0
1.0,1.0
1.0,1.0
1.0,1.0
1.0,1.0
1.0,1.0
1.0,1.0
1.0,1.0
1.0,1.0
1.0,1.0
1.0,1.0
1.0,1.0
1.0,1.0
1.0,1.0
1.0,1.0
1.0,1.0
1.0,1.0
1.0,1.0
1.0,1.0
1.0,1.0
1.0,1.0
1.0,1.0
1.0,1.0
1.0,1.0
1.0,1.0
1.0,1.0
1.0,1.0
1.0,1.0
1.0,1.0
1.0,1.0
1.0,1.0
1.0,1.0
1.0,1.0
1.0,1.0
1.0,1.0
1.0,1.0
1.0,1.0
1.0,1.0
1.0,1.0
1.0,1.0
1.0,1.0
1.0,1.0
1.0,1.0
1.0,1.0
1.0,1.0
1.0,1.0
1.0,1.0
1.0,1.0
1.0,1.0
1.0,1.0
1.0,1.0
1.0,1.0
1.0,1.0
1.0,1.0
1.0,1.0
1.0,1.0
1.0,1.0
1.0,1.0
1.0,1.0
1.0,1.0
1.0,1.0
1.0,1.0
1.0,1.0
1.0,1.0
1.0,1.0
1.0,1.0
1.0,1.0
1.0,1.0
1.0,1.0
1.0,1.0
1.0,1.0
1.0,1.0
1.0,1.0
1.0,1.0
1.0,1.0
1.0,1.0
1.0,1.0
1.0,1.0
1.0,1.0
1.0,1.0
1.0,1.0
1.0,1.0
1.0,1.0
1.0,1.0
1.0,1.0
1.0,1.0
1.0,1.0
1.0,1.0
1.0,1.0
1.0,1.0
1.0,1.0
1.0,1.0
1.0,1.0
1.0,1.0
1.0,1.0
1.0,1.0
1.0,1.0
1.0,1.0
1.0,1.0
1.0,1.0
1.0,1.0
1.0,1.0
1.0,1.0
1.0,1.0
1.0,1.0
1.0,1.0
1.0,1.0
1.0,1.0
1.0,1.0
1.0,1.0
1.0,1.0
1.0,1.0
1.0,1.0
1.0,1.0
1.0,1.0
1.0,1.0
1.0,1.0
1.0,1.0
1.0,1.0
1.0,1.0
1.0,1.0
1.0,1.0
1.0,1.0
1.0,1.0
1.0,1.0
1.0,1.0
1.0,1.0
1.0,1.0
1.0,1.0
1.0,1.0
1.0,1.0
1.0,1.0
1.0,1.0
1.0,1.0
1.0,1.0
1.0,1.0
1.0,1.0
1.0,1.0
1.0,1.0
1.0,1.0
1.0,1.0
1.0,1.0
1.0,1.0
1.0,1.0
1.0,1.0
1.0,1.0
1.0,1.0
1.0,1.0
1.0,1.0
1.0,1.0
1.0,1.0
1.0,1.0
1.0,1.0
1.0,1.0
1.0,1.0
1.0,1.0
1.0,1.0
1.0,1.0
1.0,1.0
1.0,1.0
1.0,1.0
1.0,1.0
1.0,1.0
1.0,1.0
1.0,1.0
1.0,1.0
1.0,1.0
1.0,1.0
1.0,1.0
1.0,1.0
1.0,1.0
1.0,1.0
1.0,1.0
1.0,1.0
1.0,1.0
1.0,1.0
1.0,1.0
1.0,1.0
1.0,1.0
1.0,1.0
1.0,1.0
1.0,1.0
1.0,1.0
1.0,1.0
1.0,1.0
1.0,1.0
1.0,1.0
1.0,1.0
1.0,1.0
1.0,1.0
1.0,1.0
1.0,1.0
1.0,1.0
1.0,1.0
1.0,1.0
1.0,1.0
1.0,1.0
1.0,1.0
1.0,1.0
1.0,1.0
1.0,1.0
1.0,1.0
1.0,1.0
1.0,1.0
1.0,1.0
1.0,1.0
1.0,1.0
1.0,1.0
1.0,1.0
1.0,1.0
1.0,1.0
1.0,1.0
1.0,1.0
1.0,1.0
1.0,1.0
1.0,1.0
1.0,1.0
1.0,1.0
1.0,1.0
1.0,1.0
1.0,1.0
1.0,1.0
1.0,1.0
1.0,1.0
1.0,1.0
1.0,1.0
1.0,1.0
1.0,1.0
1.0,1.0
1.0,1.0
1.0,1.0
1.0,1.0
1.0,1.0
1.0,1.0
1.0,1.0
1.0,1.0
1.0,1.0
1.0,1.0
1.0,1.0
1.0,1.0
1.0,1.0
1.0,1.0
1.0,1.0
1.0,1.0
1.0,1.0
1.0,1.0
1.0,1.0
1.0,1.0
1.0,1.0
1.0,1.0
1.0,1.0
1.0,1.0
1.0,1.0
1.0,1.0
1.0,1.0
1.0,1.0
1.0,1.0
1.0,1.0
1.0,1.0
1.0,1.0
1.0,1.0
1.0,1.0
1.0,1.0
1.0,1.0
1.0,1.0
1.0,1.0
1.0,1.0
1.0,1.0
1.0,1.0
1.0,1.0
1.0,1.0
1.0,1.0
1.0,1.0
1.0,1.0
1.0,1.0
1.0,1.0
1.0,1.0
1.0,1.0
1.0,1.0
1.0,1.0
1.0,1.0
1.0,1.0
1.0,1.0
1.0,1.0
1.0,1.0
1.0,1.0
1.0,1.0
1.0,1.0
1.0,1.0
1.0,1.0
1.0,1.0
1.0,1.0
1.0,1.0
1.0,1.0
1.0,1.0
1.0,1.0
1.0,1.0
1.0,1.0
1.0,1.0
1.0,1.0
1.0,1.0
1.0,1.0
1.0,1.0
1.0,1.0
1.0,1.0
1.0,1.0
1.0,1.0
1.0,1.0
1.0,1.0
1.0,1.0
1.0,1.0
1.0,1.0
1.0,1.0
1.0,1.0
1.0,1.0
1.0,1.0
1.0,1.0
1.0,1.0
1.0,1.0
1.0,1.0
1.0,1.0
1.0,1.0
1.0,1.0
1.0,1.0
1.0,1.0
1.0,1.0
1.0,1.0
1.0,1.0
1.0,1.0
1.0,1.0
1.0,1.0
1.0,1.0
1.0,1.0
1.0,1.0
1.0,1.0
1.0,1.0
1.0,1.0
1.0,1.0
1.0,1.0
1.0,1.0
1.0,1.0
1.0,1.0
1.0,1.0
1.0,1.0
1.0,1.0
1.0,1.0
1.0,1.0
1.0,1.0
1.0,1.0
1.0,1.0
1.0,1.0
1.0,1.0
1.0,1.0
1.0,1.0
1.0,1.0
1.0,1.0
1.0,1.0
1.0,1.0
1.0,1.0
1.0,1.0
1.0,1.0
1.0,1.0
1.0,1.0
1.0,1.0
1.0,1.0
1.0,1.0
1.0,1.0
1.0,1.0
1.0,1.0
1.0,1.0
1.0,1.0
1.0,1.0
1.0,1.0
1.0,1.0
1.0,1.0
1.0,1.0
1.0,1.0
1.0,1.0
1.0,1.0
1.0,1.0
1.0,1.0
1.0,1.0
1.0,1.0
1.0,1.0
1.0,1.0
1.0,1.0
1.0,1.0
1.0,1.0
1.0,1.0
1.0,1.0
1.0,1.0
1.0,1.0
1.0,1.0
1.0,1.0
1.0,1.0
1.0,1.0
1.0,1.0
1.0,1.0
1.0,1.0
1.0,1.0
1.0,1.0
1.0,1.0
1.0,1.0
1.0,1.0
1.0,1.0
1.0,1.0
1.0,1.0
1.0,1.0
1.0,1.0
1.0,1.0
1.0,1.0
1.0,1.0
1.0,1.0
1.0,1.0
1.0,1.0
1.0,1.0
1.0,1.0
1.0,1.0
1.0,1.0
1.0,1.0
1.0,1.0
1.0,1.0
1.0,1.0
1.0,1.0
1.0,1.0
1.0,1.0
1.0,1.0
1.0,1.0
1.0,1.0
1.0,1.0
1.0,1.0
1.0,1.0
1.0,1.0
1.0,1.0
1.0,1.0
1.0,1.0
1.0,1.0
1.0,1.0
1.0,1.0
1.0,1.0
1.0,1.0
1.0,1.0
1.0,1.0
1.0,1.0
1.0,1.0
1.0,1.0
1.0,1.0
1.0,1.0
1.0,1.0
1.0,1.0
1.0,1.0
1.0,1.0
1.0,1.0
1.0,1.0
1.0,1.0
1.0,1.0
1.0,1.0
1.0,1.0
1.0,1.0
1.0,1.0
1.0,1.0
1.0,1.0
1.0,1.0
1.0,1.0
1.0,1.0
1.0,1.0
1.0,1.0
1.0,1.0
1.0,1.0
1.0,1.0
1.0,1.0
1.0,1.0
1.0,1.0
1.0,1.0
1.0,1.0
1.0,1.0
1.0,1.0
1.0,1.0
1.0,1.0
1.0,1.0
1.0,1.0
1.0,1.0
1.0,1.0
1.0,1.0
1.0,1.0
1.0,1.0
1.0,1.0
1.0,1.0
1.0,1.0
1.0,1.0
1.0,1.0
1.0,1.0
1.0,1.0
1.0,1.0
1.0,1.0
1.0,1.0
1.0,1.0
1.0,1.0
1.0,1.0
1.0,1.0
1.0,1.0
1.0,1.0
1.0,1.0
1.0,1.0
1.0,1.0
1.0,1.0
1.0,1.0
1.0,1.0
1.0,1.0
1.0,1.0
1.0,1.0
1.0,1.0
1.0,1.0
1.0,1.0
1.0,1.0
1.0,1.0
1.0,1.0
1.0,1.0
1.0,1.0
1.0,1.0
1.0,1.0
1.0,1.0
1.0,1.0
1.0,1.0
1.0,1.0
1.0,1.0
1.0,1.0
1.0,1.0
1.0,1.0
1.0,1.0
1.0,1.0
1.0,1.0
1.0,1.0
1.0,1.0
1.0,1.0
1.0,1.0
1.0,1.0
1.0,1.0
1.0,1.0
1.0,1.0
1.0,1.0
1.0,1.0
1.0,1.0
1.0,1.0
1.0,1.0
1.0,1.0
1.0,1.0
1.0,1.0
1.0,1.0
1.0,1.0
1.0,1.0
1.0,1.0
1.0,1.0
1.0,1.0
1.0,1.0
1.0,1.0
1.0,1.0
1.0,1.0
1.0,1.0
1.0,1.0
1.0,1.0
1.0,1.0
1.0,1.0
1.0,1.0
1.0,1.0
1.0,1.0
1.0,1.0
1.0,1.0
1.0,1.0
1.0,1.0
1.0,1.0
1.0,1.0
1.0,1.0
1.0,1.0
1.0,1.0
1.0,1.0
1.0,1.0
1.0,1.0
1.0,1.0
1.0,1.0
1.0,1.0
1.0,1.0
1.0,1.0
1.0,1.0
1.0,1.0
1.0,1.0
1.0,1.0
1.0,1.0
1.0,1.0
1.0,1.0
1.0,1.0
1.0,1.0
1.0,1.0
1.0,1.0
1.0,1.0
1.0,1.0
1.0,1.0
1.0,1.0
1.0,1.0
1.0,1.0
1.0,1.0
1.0,1.0
1.0,1.0
1.0,1.0
1.0,1.0
1.0,1.0
1.0,1.0
1.0,1.0
1.0,1.0
1.0,1.0
1.0,1.0
1.0,1.0
1.0,1.0
1.0,1.0
1.0,1.0
1.0,1.0
1.0,1.0
1.0,1.0
1.0,1.0
1.0,1.0
1.0,1.0
1.0,1.0
1.0,1.0
1.0,1.0
1.0,1.0
1.0,1.0
1.0,1.0
1.0,1.0
1.0,1.0
1.0,1.0
1.0,1.0
1.0,1.0
1.0,1.0
1.0,1.0
1.0,1.0
1.0,1.0
1.0,1.0
1.0,1.0
1.0,1.0
1.0,1.0
1.0,1.0
1.0,1.0
1.0,1.0
1.0,1.0
1.0,1.0
1.0,1.0
1.0,1.0
1.0,1.0
1.0,1.0
1.0,1.0
1.0,1.0
1.0,1.0
1.0,1.0
1.0,1.0
1.0,1.0
1.0,1.0
1.0,1.0
1.0,1.0
1.0,1.0
1.0,1.0
1.0,1.0
1.0,1.0
1.0,1.0
1.0,1.0
1.0,1.0
1.0,1.0
1.0,1.0
1.0,1.0
1.0,1.0
1.0,1.0
1.0,1.0
1.0,1.0
1.0,1.0
1.0,1.0
1.0,1.0
1.0,1.0
1.0,1.0
1.0,1.0
1.0,1.0
1.0,1.0
1.0,1.0
1.0,1.0
1.0,1.0
1.0,1.0
1.0,1.0
1.0,1.0
1.0,1.0
1.0,1.0
1.0,1.0
1.0,1.0
1.0,1.0
1.0,1.0
1.0,1.0
1.0,1.0
1.0,1.0
1.0,1.0
1.0,1.0
1.0,1.0
1.0,1.0
1.0,1.0
1.0,1.0
1.0,1.0
1.0,1.0
1.0,1.0
1.0,1.0
1.0,1.0
1.0,1.0
1.0,1.0
1.0,1.0
1.0,1.0
1.0,1.0
1.0,1.0
1.0,1.0
1.0,1.0
1.0,1.0
1.0,1.0
1.0,1.0
1.0,1.0
1.0,1.0
1.0,1.0
1.0,1.0
1.0,1.0
1.0,1.0
1.0,1.0
1.0,1.0
1.0,1.0
1.0,1.0
1.0,1.0
1.0,1.0
1.0,1.0
1.0,1.0
1.0,1.0
1.0,1.0
1.0,1.0
1.0,1.0
1.0,1.0
1.0,1.0
1.0,1.0
1.0,1.0
1.0,1.0
1.0,1.0
1.0,1.0
1.0,1.0
1.0,1.0
1.0,1.0
1.0,1.0
1.0,1.0
1.0,1.0
1.0,1.0
1.0,1.0
1.0,1.0
1.0,1.0
1.0,1.0
1.0,1.0
1.0,1.0
1.0,1.0
1.0,1.0
1.0,1.0
1.0,1.0
1.0,1.0
1.0,1.0
1.0,1.0
1.0,1.0
1.0,1.0
1.0,1.0
1.0,1.0
1.0,1.0
1.0,1.0
1.0,1.0
1.0,1.0
1.0,1.0
1.0,1.0
1.0,1.0
1.0,1.0
1.0,1.0
1.0,1.0
1.0,1.0
1.0,1.0
1.0,1.0
1.0,1.0
1.0,1.0
1.0,1.0
1.0,1.0
1.0,1.0
1.0,1.0
1.0,1.0
1.0,1.0
1.0,1.0
1.0,1.0
1.0,1.0
1.0,1.0
1.0,1.0
1.0,1.0
1.0,1.0
1.0,1.0
1.0,1.0
1.0,1.0
1.0,1.0
1.0,1.0
1.0,1.0
1.0,1.0
1.0,1.0
1.0,1.0
1.0,1.0
1.0,1.0
1.0,1.0
1.0,1.0
1.0,1.0
1.0,1.0
1.0,1.0
1.0,1.0
1.0,1.0
1.0,1.0
1.0,1.0
1.0,1.0
1.0,1.0
1.0,1.0
1.0,1.0
1.0,1.0
1.0,1.0
1.0,1.0
1.0,1.0
1.0,1.0
1.0,1.0
1.0,1.0
1.0,1.0
1.0,1.0
1.0,1.0
1.0,1.0
1.0,1.0
1.0,1.0
1.0,1.0
1.0,1.0
1.0,1.0
1.0,1.0
1.0,1.0
1.0,1.0
1.0,1.0
1.0,1.0
1.0,1.0
1.0,1.0
1.0,1.0
1.0,1.0
1.0,1.0
1.0,1.0
1.0,1.0
1.0,1.0
1.0,1.0
1.0,1.0
1.0,1.0
1.0,1.0
1.0,1.0
1.0,1.0
1.0,1.0
1.0,1.0
1.0,1.0
1.0,1.0
1.0,1.0
1.0,1.0
1.0,1.0
1.0,1.0
1.0,1.0
1.0,1.0
1.0,1.0
1.0,1.0
1.0,1.0
1.0,1.0
1.0,1.0
1.0,1.0
1.0,1.0
1.0,1.0
1.0,1.0
1.0,1.0
1.0,1.0
1.0,1.0
1.0,1.0
1.0,1.0
1.0,1.0
1.0,1.0
1.0,1.0
1.0,1.0
1.0,1.0
1.0,1.0
1.0,1.0
1.0,1.0
1.0,1.0
1.0,1.0
1.0,1.0
1.0,1.0
1.0,1.0
1.0,1.0
1.0,1.0
1.0,1.0
1.0,1.0
1.0,1.0
1.0,1.0
1.0,1.0
1.0,1.0
1.0,1.0
1.0,1.0
1.0,1.0
1.0,1.0
1.0,1.0
1.0,1.0
1.0,1.0
1.0,1.0
1.0,1.0
1.0,1.0
1.0,1.0
1.0,1.0
1.0,1.0
1.0,1.0
1.0,1.0
1.0,1.0
1.0,1.0
1.0,1.0
1.0,1.0
1.0,1.0
1.0,1.0
1.0,1.0
1.0,1.0
1.0,1.0
1.0,1.0
1.0,1.0
1.0,1.0
1.0,1.0
1.0,1.0
1.0,1.0
1.0,1.0
1.0,1.0
1.0,1.0
1.0,1.0
1.0,1.0
1.0,1.0
1.0,1.0
1.0,1.0
1.0,1.0
1.0,1.0
1.0,1.0
1.0,1.0
1.0,1.0
1.0,1.0
1.0,1.0
1.0,1.0
1.0,1.0
1.0,1.0
1.0,1.0
1.0,1.0
1.0,1.0
1.0,1.0
1.0,1.0
1.0,1.0
1.0,1.0
1.0,1.0
1.0,1.0
1.0,1.0
1.0,1.0
1.0,1.0
1.0,1.0
1.0,1.0
1.0,1.0
1.0,1.0
1.0,1.0
1.0,1.0
1.0,1.0
1.0,1.0
1.0,1.0
1.0,1.0
1.0,1.0
1.0,1.0
1.0,1.0
1.0,1.0
1.0,1.0
1.0,1.0
1.0,1.0
1.0,1.0
1.0,1.0
1.0,1.0
1.0,1.0
1.0,1.0
1.0,1.0
1.0,1.0
1.0,1.0
1.0,1.0
1.0,1.0
1.0,1.0
1.0,1.0
1.0,1.0
1.0,1.0
1.0,1.0
1.0,1.0
1.0,1.0
1.0,1.0
1.0,1.0
1.0,1.0
1.0,1.0
1.0,1.0
1.0,1.0
1.0,1.0
1.0,1.0
1.0,1.0
1.0,1.0
1.0,1.0
1.0,1.0
1.0,1.0
1.0,1.0
1.0,1.0
1.0,1.0
1.0,1.0
1.0,1.0
1.0,1.0
1.0,1.0
1.0,1.0
1.0,1.0
1.0,1.0
1.0,1.0
1.0,1.0
1.0,1.0
1.0,1.0
1.0,1.0
1.0,1.0
1.0,1.0
1.0,1.0
1.0,1.0
1.0,1.0
1.0,1.0
1.0,1.0
1.0,1.0
1.0,1.0
1.0,1.0
1.0,1.0
1.0,1.0
1.0,1.0
1.0,1.0
1.0,1.0
1.0,1.0
1.0,1.0
1.0,1.0
1.0,1.0
1.0,1.0
1.0,1.0
1.0,1.0
1.0,1.0
1.0,1.0
1.0,1.0
1.0,1.0
1.0,1.0
1.0,1.0
1.0,1.0
1.0,1.0
1.0,1.0
1.0,1.0
1.0,1.0
1.0,1.0
1.0,1.0
1.0,1.0
1.0,1.0
1.0,1.0
1.0,1.0
1.0,1.0
1.0,1.0
1.0,1.0
1.0,1.0
1.0,1.0
1.0,1.0
1.0,1.0
1.0,1.0
1.0,1.0
1.0,1.0
1.0,1.0
1.0,1.0
1.0,1.0
1.0,1.0
1.0,1.0
1.0,1.0
1.0,1.0
1.0,1.0
1.0,1.0
1.0,1.0
1.0,1.0
1.0,1.0
1.0,1.0
1.0,1.0
1.0,1.0
1.0,1.0
1.0,1.0
1.0,1.0
1.0,1.0
1.0,1.0
1.0,1.0
1.0,1.0
1.0,1.0
1.0,1.0
1.0,1.0
1.0,1.0
1.0,1.0
1.0,1.0
1.0,1.0
1.0,1.0
1.0,1.0
1.0,1.0
1.0,1.0
1.0,1.0
1.0,1.0
1.0,1.0
1.0,1.0
1.0,1.0
1.0,1.0
1.0,1.0
1.0,1.0
1.0,1.0
1.0,1.0
1.0,1.0
1.0,1.0
1.0,1.0
1.0,1.0
1.0,1.0
1.0,1.0
1.0,1.0
1.0,1.0
1.0,1.0
1.0,1.0
1.0,1.0
1.0,1.0
1.0,1.0
1.0,1.0
1.0,1.0
1.0,1.0
1.0,1.0
1.0,1.0
1.0,1.0
1.0,1.0
1.0,1.0
1.0,1.0
1.0,1.0
1.0,1.0
1.0,1.0
1.0,1.0
1.0,1.0
1.0,1.0
1.0,1.0
1.0,1.0
1.0,1.0
1.0,1.0
1.0,1.0
1.0,1.0
1.0,1.0
1.0,1.0
1.0,1.0
1.0,1.0
1.0,1.0
1.0,1.0
1.0,1.0
1.0,1.0
1.0,1.0
1.0,1.0
1.0,1.0
1.0,1.0
1.0,1.0
1.0,1.0
1.0,1.0
1.0,1.0
1.0,1.0
1.0,1.0
1.0,1.0
1.0,1.0
1.0,1.0
1.0,1.0
1.0,1.0
1.0,1.0
1.0,1.0
1.0,1.0
1.0,1.0
1.0,1.0
1.0,1.0
1.0,1.0
1.0,1.0
1.0,1.0
1.0,1.0
1.0,1.0
1.0,1.0
1.0,1.0
1.0,1.0
1.0,1.0
1.0,1.0
1.0,1.0
1.0,1.0
1.0,1.0
1.0,1.0
1.0,1.0
1.0,1.0
1.0,1.0
1.0,1.0
1.0,1.0
1.0,1.0
1.0,1.0
1.0,1.0
1.0,1.0
1.0,1.0
1.0,1.0
1.0,1.0
1.0,1.0
1.0,1.0
1.0,1.0
1.0,1.0
1.0,1.0
1.0,1.0
1.0,1.0
1.0,1.0
1.0,1.0
1.0,1.0
1.0,1.0
1.0,1.0
1.0,1.0
1.0,1.0
1.0,1.0
1.0,1.0
1.0,1.0
1.0,1.0
1.0,1.0
1.0,1.0
1.0,1.0
1.0,1.0
1.0,1.0
1.0,1.0
1.0,1.0
1.0,1.0
1.0,1.0
1.0,1.0
1.0,1.0
1.0,1.0
1.0,1.0
1.0,1.0
1.0,1.0
1.0,1.0
1.0,1.0
1.0,1.0
1.0,1.0
1.0,1.0
1.0,1.0
1.0,1.0
1.0,1.0
1.0,1.0
1.0,1.0
1.0,1.0
1.0,1.0
1.0,1.0
1.0,1.0
1.0,1.0
1.0,1.0
1.0,1.0
1.0,1.0
1.0,1.0
1.0,1.0
1.0,1.0
1.0,1.0
1.0,1.0
1.0,1.0
1.0,1.0
1.0,1.0
1.0,1.0
1.0,1.0
1.0,1.0
1.0,1.0
1.0,1.0
1.0,1.0
1.0,1.0
1.0,1.0
1.0,1.0
1.0,1.0
1.0,1.0
1.0,1.0
1.0,1.0
1.0,1.0
1.0,1.0
1.0,1.0
1.0,1.0
1.0,1.0
1.0,1.0
1.0,1.0
1.0,1.0
1.0,1.0
1.0,1.0
1.0,1.0
1.0,1.0
1.0,1.0
1.0,1.0
1.0,1.0
1.0,1.0
1.0,1.0
1.0,1.0
1.0,1.0
1.0,1.0
1.0,1.0
1.0,1.0
1.0,1.0
1.0,1.0
1.0,1.0
1.0,1.0
1.0,1.0
1.0,1.0
1.0,1.0
1.0,1.0
1.0,1.0
1.0,1.0
1.0,1.0
1.0,1.0
1.0,1.0
1.0,1.0
1.0,1.0
1.0,1.0
1.0,1.0
1.0,1.0
1.0,1.0
1.0,1.0
1.0,1.0
1.0,1.0
1.0,1.0
1.0,1.0
1.0,1.0
1.0,1.0
1.0,1.0
1.0,1.0
1.0,1.0
1.0,1.0
1.0,1.0
1.0,1.0
1.0,1.0
1.0,1.0
1.0,1.0
1.0,1.0
1.0,1.0
1.0,1.0
1.0,1.0
1.0,1.0
1.0,1.0
1.0,1.0
1.0,1.0
1.0,1.0
1.0,1.0
1.0,1.0
1.0,1.0
1.0,1.0
1.0,1.0
1.0,1.0
1.0,1.0
1.0,1.0
1.0,1.0
1.0,1.0
1.0,1.0
1.0,1.0
1.0,1.0
1.0,1.0
1.0,1.0
1.0,1.0
1.0,1.0
1.0,1.0
1.0,1.0
1.0,1.0
1.0,1.0
1.0,1.0
1.0,1.0
1.0,1.0
1.0,1.0
1.0,1.0
1.0,1.0
1.0,1.0
1.0,1.0
1.0,1.0
1.0,1.0
1.0,1.0
1.0,1.0
1.0,1.0
1.0,1.0
1.0,1.0
1.0,1.0
1.0,1.0
1.0,1.0
1.0,1.0
1.0,1.0
1.0,1.0
1.0,1.0
1.0,1.0
1.0,1.0
1.0,1.0
1.0,1.0
1.0,1.0
1.0,1.0
1.0,1.0
1.0,1.0
1.0,1.0
1.0,1.0
1.0,1.0
1.0,1.0
1.0,1.0
1.0,1.0
1.0,1.0
1.0,1.0
1.0,1.0
1.0,1.0
1.0,1.0
1.0,1.0
1.0,1.0
1.0,1.0
1.0,1.0
1.0,1.0
1.0,1.0
1.0,1.0
1.0,1.0
1.0,1.0
1.0,1.0
1.0,1.0
1.0,1.0
1.0,1.0
1.0,1.0
1.0,1.0
1.0,1.0
1.0,1.0
1.0,1.0
1.0,1.0
1.0,1.0
1.0,1.0
1.0,1.0
1.0,1.0
1.0,1.0
1.0,1.0
1.0,1.0
1.0,1.0
1.0,1.0
1.0,1.0
1.0,1.0
1.0,1.0
1.0,1.0
1.0,1.0
1.0,1.0
1.0,1.0
1.0,1.0
1.0,1.0
1.0,1.0
1.0,1.0
1.0,1.0
1.0,1.0
1.0,1.0
1.0,1.0
1.0,1.0
1.0,1.0
1.0,1.0
1.0,1.0
1.0,1.0
1.0,1.0
1.0,1.0
1.0,1.0
1.0,1.0
1.0,1.0
1.0,1.0
1.0,1.0
1.0,1.0
1.0,1.0
1.0,1.0
1.0,1.0
1.0,1.0
1.0,1.0
1.0,1.0
1.0,1.0
1.0,1.0
1.0,1.0
1.0,1.0
1.0,1.0
1.0,1.0
1.0,1.0
1.0,1.0
1.0,1.0
1.0,1.0
1.0,1.0
1.0,1.0
1.0,1.0
1.0,1.0
1.0,1.0
1.0,1.0
1.0,1.0
1.0,1.0
1.0,1.0
1.0,1.0
1.0,1.0
1.0,1.0
1.0,1.0
1.0,1.0
1.0,1.0
1.0,1.0
1.0,1.0
1.0,1.0
1.0,1.0
1.0,1.0
1.0,1.0
1.0,1.0
1.0,1.0
1.0,1.0
1.0,1.0
1.0,1.0
1.0,1.0
1.0,1.0
1.0,1.0
1.0,1.0
1.0,1.0
1.0,1.0
1.0,1.0
1.0,1.0
1.0,1.0
1.0,1.0
1.0,1.0
1.0,1.0
1.0,1.0
1.0,1.0
1.0,1.0
1.0,1.0
1.0,1.0
1.0,1.0
1.0,1.0
1.0,1.0
1.0,1.0
1.0,1.0
1.0,1.0
1.0,1.0
1.0,1.0
1.0,1.0
1.0,1.0
1.0,1.0
1.0,1.0
1.0,1.0
1.0,1.0
1.0,1.0
1.0,1.0
1.0,1.0
1.0,1.0
1.0,1.0
1.0,1.0
1.0,1.0
1.0,1.0
1.0,1.0
1.0,1.0
1.0,1.0
1.0,1.0
1.0,1.0
1.0,1.0
1.0,1.0
1.0,1.0
1.0,1.0
1.0,1.0
1.0,1.0
1.0,1.0
1.0,1.0
1.0,1.0
1.0,1.0
1.0,1.0
1.0,1.0
1.0,1.0
1.0,1.0
1.0,1.0
1.0,1.0
1.0,1.0
1.0,1.0
1.0,1.0
1.0,1.0
1.0,1.0
1.0,1.0
1.0,1.0
1.0,1.0
1.0,1.0
1.0,1.0
1.0,1.0
1.0,1.0
1.0,1.0
1.0,1.0
1.0,1.0
1.0,1.0
1.0,1.0
1.0,1.0
1.0,1.0
1.0,1.0
1.0,1.0
1.0,1.0
1.0,1.0
1.0,1.0
1.0,1.0
1.0,1.0
1.0,1.0
1.0,1.0
1.0,1.0
1.0,1.0
1.0,1.0
1.0,1.0
1.0,1.0
1.0,1.0
1.0,1.0
1.0,1.0
1.0,1.0
1.0,1.0
1.0,1.0
1.0,1.0
1.0,1.0
1.0,1.0
1.0,1.0
1.0,1.0
1.0,1.0
1.0,1.0
1.0,1.0
1.0,1.0
1.0,1.0
1.0,1.0
1.0,1.0
1.0,1.0
1.0,1.0
1.0,1.0
1.0,1.0
1.0,1.0
1.0,1.0
1.0,1.0
1.0,1.0
1.0,1.0
1.0,1.0
1.0,1.0
1.0,1.0
1.0,1.0
1.0,1.0
1.0,1.0
1.0,1.0
1.0,1.0
1.0,1.0
1.0,1.0
1.0,1.0
1.0,1.0
1.0,1.0
1.0,1.0
1.0,1.0
1.0,1.0
1.0,1.0
1.0,1.0
1.0,1.0
1.0,1.0
1.0,1.0
1.0,1.0
1.0,1.0
1.0,1.0
1.0,1.0
1.0,1.0
1.0,1.0
1.0,1.0
1.0,1.0
1.0,1.0
1.0,1.0
1.0,1.0
1.0,1.0
1.0,1.0
1.0,1.0
1.0,1.0
1.0,1.0
1.0,1.0
1.0,1.0
1.0,1.0
1.0,1.0
1.0,1.0
1.0,1.0
1.0,1.0
1.0,1.0
1.0,1.0
1.0,1.0
1.0,1.0
1.0,1.0
1.0,1.0
1.0,1.0
1.0,1.0
1.0,1.0
1.0,1.0
1.0,1.0
1.0,1.0
1.0,1.0
1.0,1.0
1.0,1.0
1.0,1.0
1.0,1.0
1.0,1.0
1.0,1.0
1.0,1.0
1.0,1.0
1.0,1.0
1.0,1.0
1.0,1.0
1.0,1.0
1.0,1.0
1.0,1.0
1.0,1.0
1.0,1.0
1.0,1.0
1.0,1.0
1.0,1.0
1.0,1.0
1.0,1.0
1.0,1.0
1.0,1.0
1.0,1.0
1.0,1.0
1.0,1.0
1.0,1.0
1.0,1.0
1.0,1.0
1.0,1.0
1.0,1.0
1.0,1.0
1.0,1.0
1.0,1.0
1.0,1.0
1.0,1.0
1.0,1.0
1.0,1.0
1.0,1.0
1.0,1.0
1.0,1.0
1.0,1.0
1.0,1.0
1.0,1.0
1.0,1.0
1.0,1.0
1.0,1.0
1.0,1.0
1.0,1.0
1.0,1.0
1.0,1.0
1.0,1.0
1.0,1.0
1.0,1.0
1.0,1.0
1.0,1.0
1.0,1.0
1.0,1.0
1.0,1.0
1.0,1.0
1.0,1.0
1.0,1.0
1.0,1.0
1.0,1.0
1.0,1.0
1.0,1.0
1.0,1.0
1.0,1.0
1.0,1.0
1.0,1.0
1.0,1.0
1.0,1.0
1.0,1.0
1.0,1.0
1.0,1.0
1.0,1.0
1.0,1.0
1.0,1.0
1.0,1.0
1.0,1.0
1.0,1.0
1.0,1.0
1.0,1.0
1.0,1.0
1.0,1.0
1.0,1.0
1.0,1.0
1.0,1.0
1.0,1.0
1.0,1.0
1.0,1.0
1.0,1.0
1.0,1.0
1.0,1.0
1.0,1.0
1.0,1.0
1.0,1.0
1.0,1.0
1.0,1.0
1.0,1.0
1.0,1.0
1.0,1.0
1.0,1.0
1.0,1.0
1.0,1.0
1.0,1.0
1.0,1.0
1.0,1.0
1.0,1.0
1.0,1.0
1.0,1.0
1.0,1.0
1.0,1.0
1.0,1.0
1.0,1.0
1.0,1.0
1.0,1.0
1.0,1.0
1.0,1.0
1.0,1.0
1.0,1.0
1.0,1.0
1.0,1.0
1.0,1.0
1.0,1.0
1.0,1.0
1.0,1.0
1.0,1.0
1.0,1.0
1.0,1.0
1.0,1.0
1.0,1.0
1.0,1.0
1.0,1.0
1.0,1.0
1.0,1.0
1.0,1.0
1.0,1.0
1.0,1.0
1.0,1.0
1.0,1.0
1.0,1.0
1.0,1.0
1.0,1.0
1.0,1.0
1.0,1.0
1.0,1.0
1.0,1.0
1.0,1.0
1.0,1.0
1.0,1.0
1.0,1.0
1.0,1.0
1.0,1.0
1.0,1.0
1.0,1.0
1.0,1.0
1.0,1.0
1.0,1.0
1.0,1.0
1.0,1.0
1.0,1.0
1.0,1.0
1.0,1.0
1.0,1.0
1.0,1.0
1.0,1.0
1.0,1.0
1.0,1.0
1.0,1.0
1.0,1.0
1.0,1.0
1.0,1.0
1.0,1.0
1.0,1.0
1.0,1.0
1.0,1.0
1.0,1.0
1.0,1.0
1.0,1.0
1.0,1.0
1.0,1.0
1.0,1.0
1.0,1.0
1.0,1.0
1.0,1.0
1.0,1.0
1.0,1.0
1.0,1.0
1.0,1.0
1.0,1.0
1.0,1.0
1.0,1.0
1.0,1.0
1.0,1.0
1.0,1.0
1.0,1.0
1.0,1.0
1.0,1.0
1.0,1.0
1.0,1.0
1.0,1.0
1.0,1.0
1.0,1.0
1.0,1.0
1.0,1.0
1.0,1.0
1.0,1.0
1.0,1.0
1.0,1.0
1.0,1.0
1.0,1.0
1.0,1.0
1.0,1.0
1.0,1.0
1.0,1.0
1.0,1.0
1.0,1.0
1.0,1.0
1.0,1.0
1.0,1.0
1.0,1.0
1.0,1.0
1.0,1.0
1.0,1.0
1.0,1.0
1.0,1.0
1.0,1.0
1.0,1.0
1.0,1.0
1.0,1.0
1.0,1.0
1.0,1.0
1.0,1.0
1.0,1.0
1.0,1.0
1.0,1.0
1.0,1.0
1.0,1.0
1.0,1.0
1.0,1.0
1.0,1.0
1.0,1.0
1.0,1.0
1.0,1.0
1.0,1.0
1.0,1.0
1.0,1.0
1.0,1.0
1.0,1.0
1.0,1.0
1.0,1.0
1.0,1.0
1.0,1.0
1.0,1.0
1.0,1.0
1.0,1.0
1.0,1.0
1.0,1.0
1.0,1.0
1.0,1.0
1.0,1.0
1.0,1.0
1.0,1.0
1.0,1.0
1.0,1.0
1.0,1.0
1.0,1.0
1.0,1.0
1.0,1.0
1.0,1.0
1.0,1.0
1.0,1.0
1.0,1.0
1.0,1.0
1.0,1.0
1.0,1.0
1.0,1.0
1.0,1.0
1.0,1.0
1.0,1.0
1.0,1.0
1.0,1.0
1.0,1.0
1.0,1.0
1.0,1.0
1.0,1.0
1.0,1.0
1.0,1.0
1.0,1.0
1.0,1.0
1.0,1.0
1.0,1.0
1.0,1.0
1.0,1.0
1.0,1.0
1.0,1.0
1.0,1.0
1.0,1.0
1.0,1.0
1.0,1.0
1.0,1.0
1.0,1.0
1.0,1.0
1.0,1.0
1.0,1.0
1.0,1.0
1.0,1.0
1.0,1.0
1.0,1.0
1.0,1.0
1.0,1.0
1.0,1.0
1.0,1.0
1.0,1.0
1.0,1.0
1.0,1.0
1.0,1.0
1.0,1.0
1.0,1.0
1.0,1.0
1.0,1.0
1.0,1.0
1.0,1.0
1.0,1.0
1.0,1.0
1.0,1.0
1.0,1.0
1.0,1.0
1.0,1.0
1.0,1.0
1.0,1.0
1.0,1.0
1.0,1.0
1.0,1.0
1.0,1.0
1.0,1.0
1.0,1.0
1.0,1.0
1.0,1.0
1.0,1.0
1.0,1.0
1.0,1.0
1.0,1.0
1.0,1.0
1.0,1.0
1.0,1.0
1.0,1.0
1.0,1.0
1.0,1.0
1.0,1.0
1.0,1.0
1.0,1.0
1.0,1.0
1.0,1.0
1.0,1.0
1.0,1.0
1.0,1.0
1.0,1.0
1.0,1.0
1.0,1.0
1.0,1.0
1.0,1.0
1.0,1.0
1.0,1.0
1.0,1.0
1.0,1.0
1.0,1.0
1.0,1.0
1.0,1.0
1.0,1.0
1.0,1.0
1.0,1.0
1.0,1.0
1.0,1.0
1.0,1.0
1.0,1.0
1.0,1.0
1.0,1.0
1.0,1.0
1.0,1.0
1.0,1.0
1.0,1.0
1.0,1.0
1.0,1.0
1.0,1.0
1.0,1.0
1.0,1.0
1.0,1.0
1.0,1.0
1.0,1.0
1.0,1.0
1.0,1.0
1.0,1.0
1.0,1.0
1.0,1.0
1.0,1.0
1.0,1.0
1.0,1.0
1.0,1.0
1.0,1.0
1.0,1.0
1.0,1.0
1.0,1.0
1.0,1.0
1.0,1.0
1.0,1.0
1.0,1.0
1.0,1.0
1.0,1.0
1.0,1.0
1.0,1.0
1.0,1.0
1.0,1.0
1.0,1.0
1.0,1.0
1.0,1.0
1.0,1.0
1.0,1.0
1.0,1.0
1.0,1.0
1.0,1.0
1.0,1.0
1.0,1.0
1.0,1.0
1.0,1.0
1.0,1.0
1.0,1.0
1.0,1.0
1.0,1.0
1.0,1.0
1.0,1.0
1.0,1.0
1.0,1.0
1.0,1.0
1.0,1.0
1.0,1.0
1.0,1.0
1.0,1.0
1.0,1.0
1.0,1.0
1.0,1.0
1.0,1.0
1.0,1.0
1.0,1.0
1.0,1.0
1.0,1.0
1.0,1.0
1.0,1.0
1.0,1.0
1.0,1.0
1.0,1.0
1.0,1.0
1.0,1.0
1.0,1.0
1.0,1.0
1.0,1.0
1.0,1.0
1.0,1.0
1.0,1.0
1.0,1.0
1.0,1.0
1.0,1.0
1.0,1.0
1.0,1.0
1.0,1.0
1.0,1.0
1.0,1.0
1.0,1.0
1.0,1.0
1.0,1.0
1.0,1.0
1.0,1.0
1.0,1.0
1.0,1.0
1.0,1.0
1.0,1.0
1.0,1.0
1.0,1.0
1.0,1.0
1.0,1.0
1.0,1.0
1.0,1.0
1.0,1.0
1.0,1.0
1.0,1.0
1.0,1.0
1.0,1.0
1.0,1.0
1.0,1.0
1.0,1.0
1.0,1.0
1.0,1.0
1.0,1.0
1.0,1.0
1.0,1.0
1.0,1.0
1.0,1.0
1.0,1.0
1.0,1.0
1.0,1.0
1.0,1.0
1.0,1.0
1.0,1.0
1.0,1.0
1.0,1.0
1.0,1.0
1.0,1.0
1.0,1.0
1.0,1.0
1.0,1.0
1.0,1.0
1.0,1.0
1.0,1.0
1.0,1.0
1.0,1.0
1.0,1.0
1.0,1.0
1.0,1.0
1.0,1.0
1.0,1.0
1.0,1.0
1.0,1.0
1.0,1.0
1.0,1.0
1.0,1.0
1.0,1.0
1.0,1.0
1.0,1.0
1.0,1.0
1.0,1.0
1.0,1.0
1.0,1.0
1.0,1.0
1.0,1.0
1.0,1.0
1.0,1.0
1.0,1.0
1.0,1.0
1.0,1.0
1.0,1.0
1.0,1.0
1.0,1.0
1.0,1.0
1.0,1.0
1.0,1.0
1.0,1.0
1.0,1.0
1.0,1.0
1.0,1.0
1.0,1.0
1.0,1.0
1.0,1.0
1.0,1.0
1.0,1.0
1.0,1.0
1.0,1.0
1.0,1.0
1.0,1.0
1.0,1.0
1.0,1.0
1.0,1.0
1.0,1.0
1.0,1.0
1.0,1.0
1.0,1.0
1.0,1.0
1.0,1.0
1.0,1.0
1.0,1.0
1.0,1.0
1.0,1.0
1.0,1.0
1.0,1.0
1.0,1.0
1.0,1.0
1.0,1.0
1.0,1.0
1.0,1.0
1.0,1.0
1.0,1.0
1.0,1.0
1.0,1.0
1.0,1.0
1.0,1.0
1.0,1.0
1.0,1.0
1.0,1.0
1.0,1.0
1.0,1.0
1.0,1.0
1.0,1.0
1.0,1.0
1.0,1.0
1.0,1.0
1.0,1.0
1.0,1.0
1.0,1.0
1.0,1.0
1.0,1.0
1.0,1.0
1.0,1.0
1.0,1.0
1.0,1.0
1.0,1.0
1.0,1.0
1.0,1.0
1.0,1.0
1.0,1.0
1.0,1.0
1.0,1.0
1.0,1.0
1.0,1.0
1.0,1.0
1.0,1.0
1.0,1.0
1.0,1.0
1.0,1.0
1.0,1.0
1.0,1.0
1.0,1.0
1.0,1.0
1.0,1.0
1.0,1.0
1.0,1.0
1.0,1.0
1.0,1.0
1.0,1.0
1.0,1.0
1.0,1.0
1.0,1.0
1.0,1.0
1.0,1.0
1.0,1.0
1.0,1.0
1.0,1.0
1.0,1.0
1.0,1.0
1.0,1.0
1.0,1.0
1.0,1.0
1.0,1.0
1.0,1.0
1.0,1.0
1.0,1.0
1.0,1.0
1.0,1.0
1.0,1.0
1.0,1.0
1.0,1.0
1.0,1.0
1.0,1.0
1.0,1.0
1.0,1.0
1.0,1.0
1.0,1.0
1.0,1.0
1.0,1.0
1.0,1.0
1.0,1.0
1.0,1.0
1.0,1.0
1.0,1.0
1.0,1.0
1.0,1.0
1.0,1.0
1.0,1.0
1.0,1.0
1.0,1.0
1.0,1.0
1.0,1.0
1.0,1.0
1.0,1.0
1.0,1.0
1.0,1.0
1.0,1.0
1.0,1.0
1.0,1.0
1.0,1.0
1.0,1.0
1.0,1.0
1.0,1.0
1.0,1.0
1.0,1.0
1.0,1.0
1.0,1.0
1.0,1.0
1.0,1.0
1.0,1.0
1.0,1.0
1.0,1.0
1.0,1.0
1.0,1.0
1.0,1.0
1.0,1.0
1.0,1.0
1.0,1.0
1.0,1.0
1.0,1.0
1.0,1.0
1.0,1.0
1.0,1.0
1.0,1.0
1.0,1.0
1.0,1.0
1.0,1.0
1.0,1.0
1.0,1.0
1.0,1.0
1.0,1.0
1.0,1.0
1.0,1.0
1.0,1.0
1.0,1.0
1.0,1.0
1.0,1.0
1.0,1.0
1.0,1.0
1.0,1.0
1.0,1.0
1.0,1.0
1.0,1.0
1.0,1.0
1.0,1.0
1.0,1.0
1.0,1.0
1.0,1.0
1.0,1.0
1.0,1.0
1.0,1.0
1.0,1.0
1.0,1.0
1.0,1.0
1.0,1.0
1.0,1.0
1.0,1.0
1.0,1.0
1.0,1.0
1.0,1.0
1.0,1.0
1.0,1.0
1.0,1.0
1.0,1.0
1.0,1.0
1.0,1.0
1.0,1.0
1.0,1.0
1.0,1.0
1.0,1.0
1.0,1.0
1.0,1.0
1.0,1.0
1.0,1.0
1.0,1.0
1.0,1.0
1.0,1.0
1.0,1.0
1.0,1.0
1.0,1.0
1.0,1.0
1.0,1.0
1.0,1.0
1.0,1.0
1.0,1.0
1.0,1.0
1.0,1.0
1.0,1.0
1.0,1.0
1.0,1.0
1.0,1.0
1.0,1.0
1.0,1.0
1.0,1.0
1.0,1.0
1.0,1.0
1.0,1.0
1.0,1.0
1.0,1.0
1.0,1.0
1.0,1.0
1.0,1.0
1.0,1.0
1.0,1.0
1.0,1.0
1.0,1.0
1.0,1.0
1.0,1.0
1.0,1.0
1.0,1.0
1.0,1.0
1.0,1.0
1.0,1.0
1.0,1.0
1.0,1.0
1.0,1.0
1.0,1.0
1.0,1.0
1.0,1.0
1.0,1.0
1.0,1.0
1.0,1.0
1.0,1.0
1.0,1.0
1.0,1.0
1.0,1.0
1.0,1.0
1.0,1.0
1.0,1.0
1.0,1.0
1.0,1.0
1.0,1.0
1.0,1.0
1.0,1.0
1.0,1.0
1.0,1.0
1.0,1.0
1.0,1.0
1.0,1.0
1.0,1.0
1.0,1.0
1.0,1.0
1.0,1.0
1.0,1.0
1.0,1.0
1.0,1.0
1.0,1.0
1.0,1.0
1.0,1.0
1.0,1.0
1.0,1.0
1.0,1.0
1.0,1.0
1.0,1.0
1.0,1.0
1.0,1.0
1.0,1.0
1.0,1.0
1.0,1.0
1.0,1.0
1.0,1.0
1.0,1.0
1.0,1.0
1.0,1.0
1.0,1.0
1.0,1.0
1.0,1.0
1.0,1.0
1.0,1.0
1.0,1.0
1.0,1.0
1.0,1.0
1.0,1.0
1.0,1.0
1.0,1.0
1.0,1.0
1.0,1.0
1.0,1.0
1.0,1.0
1.0,1.0
1.0,1.0
1.0,1.0
1.0,1.0
1.0,1.0
1.0,1.0
1.0,1.0
1.0,1.0
1.0,1.0
1.0,1.0
1.0,1.0
1.0,1.0
1.0,1.0
1.0,1.0
1.0,1.0
1.0,1.0
1.0,1.0
1.0,1.0
1.0,1.0
1.0,1.0
1.0,1.0
1.0,1.0
1.0,1.0
1.0,1.0
1.0,1.0
1.0,1.0
1.0,1.0
1.0,1.0
1.0,1.0
1.0,1.0
1.0,1.0
1.0,1.0
1.0,1.0
1.0,1.0
1.0,1.0
1.0,1.0
1.0,1.0
1.0,1.0
1.0,1.0
1.0,1.0
1.0,1.0
1.0,1.0
1.0,1.0
1.0,1.0
1.0,1.0
1.0,1.0
1.0,1.0
1.0,1.0
1.0,1.0
1.0,1.0
1.0,1.0
1.0,1.0
1.0,1.0
1.0,1.0
1.0,1.0
1.0,1.0
1.0,1.0
1.0,1.0
1.0,1.0
1.0,1.0
1.0,1.0
1.0,1.0
1.0,1.0
1.0,1.0
1.0,1.0
1.0,1.0
1.0,1.0
1.0,1.0
1.0,1.0
1.0,1.0
1.0,1.0
1.0,1.0
1.0,1.0
1.0,1.0
1.0,1.0
1.0,1.0
1.0,1.0
1.0,1.0
1.0,1.0
1.0,1.0
1.0,1.0
1.0,1.0
1.0,1.0
1.0,1.0
1.0,1.0
1.0,1.0
1.0,1.0
1.0,1.0
1.0,1.0
1.0,1.0
1.0,1.0
1.0,1.0
1.0,1.0
1.0,1.0
1.0,1.0
1.0,1.0
1.0,1.0
1.0,1.0
1.0,1.0
1.0,1.0
1.0,1.0
1.0,1.0
1.0,1.0
1.0,1.0
1.0,1.0
1.0,1.0
1.0,1.0
1.0,1.0
1.0,1.0
1.0,1.0
1.0,1.0
1.0,1.0
1.0,1.0
1.0,1.0
1.0,1.0
1.0,1.0
1.0,1.0
1.0,1.0
1.0,1.0
1.0,1.0
1.0,1.0
1.0,1.0
1.0,1.0
1.0,1.0
1.0,1.0
1.0,1.0
1.0,1.0
1.0,1.0
1.0,1.0
1.0,1.0
1.0,1.0
1.0,1.0
1.0,1.0
1.0,1.0
1.0,1.0
1.0,1.0
1.0,1.0
1.0,1.0
1.0,1.0
1.0,1.0
1.0,1.0
1.0,1.0
1.0,1.0
1.0,1.0
1.0,1.0
1.0,1.0
1.0,1.0
1.0,1.0
1.0,1.0
1.0,1.0
1.0,1.0
1.0,1.0
1.0,1.0
1.0,1.0
1.0,1.0
1.0,1.0
1.0,1.0
1.0,1.0
1.0,1.0
1.0,1.0
1.0,1.0
1.0,1.0
1.0,1.0
1.0,1.0
1.0,1.0
1.0,1.0
1.0,1.0
1.0,1.0
1.0,1.0
1.0,1.0
1.0,1.0
1.0,1.0
1.0,1.0
1.0,1.0
1.0,1.0
1.0,1.0
1.0,1.0
1.0,1.0
1.0,1.0
1.0,1.0
1.0,1.0
1.0,1.0
1.0,1.0
1.0,1.0
1.0,1.0
1.0,1.0
1.0,1.0
1.0,1.0
1.0,1.0
1.0,1.0
1.0,1.0
1.0,1.0
1.0,1.0
1.0,1.0
1.0,1.0
1.0,1.0
1.0,1.0
1.0,1.0
1.0,1.0
1.0,1.0
1.0,1.0
1.0,1.0
1.0,1.0
1.0,1.0
1.0,1.0
1.0,1.0
1.0,1.0
1.0,1.0
1.0,1.0
1.0,1.0
1.0,1.0
1.0,1.0
1.0,1.0
1.0,1.0
1.0,1.0
1.0,1.0
1.0,1.0
1.0,1.0
1.0,1.0
1.0,1.0
1.0,1.0
1.0,1.0
1.0,1.0
1.0,1.0
1.0,1.0
1.0,1.0
1.0,1.0
1.0,1.0
1.0,1.0
1.0,1.0
1.0,1.0
1.0,1.0
1.0,1.0
1.0,1.0
1.0,1.0
1.0,1.0
1.0,1.0
1.0,1.0
1.0,1.0
1.0,1.0
1.0,1.0
1.0,1.0
1.0,1.0
1.0,1.0
1.0,1.0
1.0,1.0
1.0,1.0
1.0,1.0
1.0,1.0
1.0,1.0
1.0,1.0
1.0,1.0
1.0,1.0
1.0,1.0
1.0,1.0
1.0,1.0
1.0,1.0
1.0,1.0
1.0,1.0
1.0,1.0
1.0,1.0
1.0,1.0
1.0,1.0
1.0,1.0
1.0,1.0
1.0,1.0
1.0,1.0
1.0,1.0
1.0,1.0
1.0,1.0
1.0,1.0
1.0,1.0
1.0,1.0
1.0,1.0
1.0,1.0
1.0,1.0
1.0,1.0
1.0,1.0
1.0,1.0
1.0,1.0
1.0,1.0
1.0,1.0
1.0,1.0
1.0,1.0
1.0,1.0
1.0,1.0
1.0,1.0
1.0,1.0
1.0,1.0
1.0,1.0
1.0,1.0
1.0,1.0
1.0,1.0
1.0,1.0
1.0,1.0
1.0,1.0
1.0,1.0
1.0,1.0
1.0,1.0
1.0,1.0
1.0,1.0
1.0,1.0
1.0,1.0
1.0,1.0
1.0,1.0
1.0,1.0
1.0,1.0
1.0,1.0
1.0,1.0
1.0,1.0
1.0,1.0
1.0,1.0
1.0,1.0
1.0,1.0
1.0,1.0
1.0,1.0
1.0,1.0
1.0,1.0
1.0,1.0
1.0,1.0
1.0,1.0
1.0,1.0
1.0,1.0
1.0,1.0
1.0,1.0
1.0,1.0
1.0,1.0
1.0,1.0
1.0,1.0
1.0,1.0
1.0,1.0
1.0,1.0
1.0,1.0
1.0,1.0
1.0,1.0
1.0,1.0
1.0,1.0
1.0,1.0
1.0,1.0
1.0,1.0
1.0,1.0
1.0,1.0
1.0,1.0
1.0,1.0
1.0,1.0
1.0,1.0
1.0,1.0
1.0,1.0
1.0,1.0
1.0,1.0
1.0,1.0
1.0,1.0
1.0,1.0
1.0,1.0
1.0,1.0
1.0,1.0
1.0,1.0
1.0,1.0
1.0,1.0
1.0,1.0
1.0,1.0
1.0,1.0
1.0,1.0
1.0,1.0
1.0,1.0
1.0,1.0
1.0,1.0
1.0,1.0
1.0,1.0
1.0,1.0
1.0,1.0
1.0,1.0
1.0,1.0
1.0,1.0
1.0,1.0
1.0,1.0
1.0,1.0
1.0,1.0
1.0,1.0
1.0,1.0
1.0,1.0
1.0,1.0
1.0,1.0
1.0,1.0
1.0,1.0
1.0,1.0
1.0,1.0
1.0,1.0
1.0,1.0
1.0,1.0
1.0,1.0
1.0,1.0
1.0,1.0
1.0,1.0
1.0,1.0
1.0,1.0
1.0,1.0
1.0,1.0
1.0,1.0
1.0,1.0
1.0,1.0
1.0,1.0
1.0,1.0
1.0,1.0
1.0,1.0
1.0,1.0
1.0,1.0
1.0,1.0
1.0,1.0
1.0,1.0
1.0,1.0
1.0,1.0
1.0,1.0
1.0,1.0
1.0,1.0
1.0,1.0
1.0,1.0
1.0,1.0
1.0,1.0
1.0,1.0
1.0,1.0
1.0,1.0
1.0,1.0
1.0,1.0
1.0,1.0
1.0,1.0
1.0,1.0
1.0,1.0
1.0,1.0
1.0,1.0
1.0,1.0
1.0,1.0
1.0,1.0
1.0,1.0
1.0,1.0
1.0,1.0
1.0,1.0
1.0,1.0
1.0,1.0
1.0,1.0
1.0,1.0
1.0,1.0
1.0,1.0
1.0,1.0
1.0,1.0
1.0,1.0
1.0,1.0
1.0,1.0
1.0,1.0
1.0,1.0
1.0,1.0
1.0,1.0
1.0,1.0
1.0,1.0
1.0,1.0
1.0,1.0
1.0,1.0
1.0,1.0
1.0,1.0
1.0,1.0
1.0,1.0
1.0,1.0
1.0,1.0
1.0,1.0
1.0,1.0
1.0,1.0
1.0,1.0
1.0,1.0
1.0,1.0
1.0,1.0
1.0,1.0
1.0,1.0
1.0,1.0
1.0,1.0
1.0,1.0
1.0,1.0
1.0,1.0
1.0,1.0
1.0,1.0
1.0,1.0
1.0,1.0
1.0,1.0
1.0,1.0
1.0,1.0
1.0,1.0
1.0,1.0
1.0,1.0
1.0,1.0
1.0,1.0
1.0,1.0
1.0,1.0
1.0,1.0
1.0,1.0
1.0,1.0
1.0,1.0
1.0,1.0
1.0,1.0
1.0,1.0
1.0,1.0
1.0,1.0
1.0,1.0
1.0,1.0
1.0,1.0
1.0,1.0
1.0,1.0
1.0,1.0
1.0,1.0
1.0,1.0
1.0,1.0
1.0,1.0
1.0,1.0
1.0,1.0
1.0,1.0
1.0,1.0
1.0,1.0
1.0,1.0
1.0,1.0
1.0,1.0
1.0,1.0
1.0,1.0
1.0,1.0
1.0,1.0
1.0,1.0
1.0,1.0
1.0,1.0
1.0,1.0
1.0,1.0
1.0,1.0
1.0,1.0
1.0,1.0
1.0,1.0
1.0,1.0
1.0,1.0
1.0,1.0
1.0,1.0
1.0,1.0
1.0,1.0
1.0,1.0
1.0,1.0
1.0,1.0
1.0,1.0
1.0,1.0
1.0,1.0
1.0,1.0
1.0,1.0
1.0,1.0
1.0,1.0
1.0,1.0
1.0,1.0
1.0,1.0
1.0,1.0
1.0,1.0
1.0,1.0
1.0,1.0
1.0,1.0
1.0,1.0
1.0,1.0
1.0,1.0
1.0,1.0
1.0,1.0
1.0,1.0
1.0,1.0
1.0,1.0
1.0,1.0
1.0,1.0
1.0,1.0
1.0,1.0
1.0,1.0
1.0,1.0
1.0,1.0
1.0,1.0
1.0,1.0
1.0,1.0
1.0,1.0
1.0,1.0
1.0,1.0
1.0,1.0
1.0,1.0
1.0,1.0
1.0,1.0
1.0,1.0
1.0,1.0
1.0,1.0
1.0,1.0
1.0,1.0
1.0,1.0
1.0,1.0
1.0,1.0
1.0,1.0
1.0,1.0
1.0,1.0
1.0,1.0
1.0,1.0
1.0,1.0
1.0,1.0
1.0,1.0
1.0,1.0
1.0,1.0
1.0,1.0
1.0,1.0
1.0,1.0
1.0,1.0
1.0,1.0
1.0,1.0
1.0,1.0
1.0,1.0
1.0,1.0
1.0,1.0
1.0,1.0
1.0,1.0
1.0,1.0
1.0,1.0
1.0,1.0
1.0,1.0
1.0,1.0
1.0,1.0
1.0,1.0
1.0,1.0
1.0,1.0
1.0,1.0
1.0,1.0
1.0,1.0
1.0,1.0
1.0,1.0
1.0,1.0
1.0,1.0
1.0,1.0
1.0,1.0
1.0,1.0
1.0,1.0
1.0,1.0
1.0,1.0
1.0,1.0
1.0,1.0
1.0,1.0
1.0,1.0
1.0,1.0
1.0,1.0
1.0,1.0
1.0,1.0
1.0,1.0
1.0,1.0
1.0,1.0
1.0,1.0
1.0,1.0
1.0,1.0
1.0,1.0
1.0,1.0
1.0,1.0
1.0,1.0
1.0,1.0
1.0,1.0
1.0,1.0
1.0,1.0
1.0,1.0
1.0,1.0
1.0,1.0
1.0,1.0
1.0,1.0
1.0,1.0
1.0,1.0
1.0,1.0
1.0,1.0
1.0,1.0
1.0,1.0
1.0,1.0
1.0,1.0
1.0,1.0
1.0,1.0
1.0,1.0
1.0,1.0
1.0,1.0
1.0,1.0
1.0,1.0
1.0,1.0
1.0,1.0
1.0,1.0
1.0,1.0
1.0,1.0
1.0,1.0
1.0,1.0
1.0,1.0
1.0,1.0
1.0,1.0
1.0,1.0
1.0,1.0
1.0,1.0
1.0,1.0
1.0,1.0
1.0,1.0
1.0,1.0
1.0,1.0
1.0,1.0
1.0,1.0
1.0,1.0
1.0,1.0
1.0,1.0
1.0,1.0
1.0,1.0
1.0,1.0
1.0,1.0
1.0,1.0
1.0,1.0
1.0,1.0
1.0,1.0
1.0,1.0
1.0,1.0
1.0,1.0
1.0,1.0
1.0,1.0
1.0,1.0
1.0,1.0
1.0,1.0
1.0,1.0
1.0,1.0
1.0,1.0
1.0,1.0
1.0,1.0
1.0,1.0
1.0,1.0
1.0,1.0
1.0,1.0
1.0,1.0
1.0,1.0
1.0,1.0
1.0,1.0
1.0,1.0
1.0,1.0
1.0,1.0
1.0,1.0
1.0,1.0
1.0,1.0
1.0,1.0
1.0,1.0
1.0,1.0
1.0,1.0
1.0,1.0
1.0,1.0
1.0,1.0
1.0,1.0
1.0,1.0
1.0,1.0
1.0,1.0
1.0,1.0
1.0,1.0
1.0,1.0
1.0,1.0
1.0,1.0
1.0,1.0
1.0,1.0
1.0,1.0
1.0,1.0
1.0,1.0
1.0,1.0
1.0,1.0
1.0,1.0
1.0,1.0
1.0,1.0
1.0,1.0
1.0,1.0
1.0,1.0
1.0,1.0
1.0,1.0
1.0,1.0
1.0,1.0
1.0,1.0
1.0,1.0
1.0,1.0
1.0,1.0
1.0,1.0
1.0,1.0
1.0,1.0
1.0,1.0
1.0,1.0
1.0,1.0
1.0,1.0
1.0,1.0
1.0,1.0
1.0,1.0
1.0,1.0
1.0,1.0
1.0,1.0
1.0,1.0
1.0,1.0
1.0,1.0
1.0,1.0
1.0,1.0
1.0,1.0
1.0,1.0
1.0,1.0
1.0,1.0
1.0,1.0
1.0,1.0
1.0,1.0
1.0,1.0
1.0,1.0
1.0,1.0
1.0,1.0
1.0,1.0
1.0,1.0
1.0,1.0
1.0,1.0
1.0,1.0
1.0,1.0
1.0,1.0
1.0,1.0
1.0,1.0
1.0,1.0
1.0,1.0
1.0,1.0
1.0,1.0
1.0,1.0
1.0,1.0
1.0,1.0
1.0,1.0
1.0,1.0
1.0,1.0
1.0,1.0
1.0,1.0
1.0,1.0
1.0,1.0
1.0,1.0
1.0,1.0
1.0,1.0
1.0,1.0
1.0,1.0
1.0,1.0
1.0,1.0
1.0,1.0
1.0,1.0
1.0,1.0
1.0,1.0
1.0,1.0
1.0,1.0
1.0,1.0
1.0,1.0
1.0,1.0
1.0,1.0
1.0,1.0
1.0,1.0
1.0,1.0
1.0,1.0
1.0,1.0
1.0,1.0
1.0,1.0
1.0,1.0
1.0,1.0
1.0,1.0
1.0,1.0
1.0,1.0
1.0,1.0
1.0,1.0
1.0,1.0
1.0,1.0
1.0,1.0
1.0,1.0
1.0,1.0
1.0,1.0
1.0,1.0
1.0,1.0
1.0,1.0
1.0,1.0
1.0,1.0
1.0,1.0
1.0,1.0
1.0,1.0
1.0,1.0
1.0,1.0
1.0,1.0
1.0,1.0
1.0,1.0
1.0,1.0
1.0,1.0
1.0,1.0
1.0,1.0
1.0,1.0
1.0,1.0
1.0,1.0
1.0,1.0
1.0,1.0
1.0,1.0
1.0,1.0
1.0,1.0
1.0,1.0
1.0,1.0
1.0,1.0
1.0,1.0
1.0,1.0
1.0,1.0
1.0,1.0
1.0,1.0
1.0,1.0
1.0,1.0
1.0,1.0
1.0,1.0
1.0,1.0
1.0,1.0
1.0,1.0
1.0,1.0
1.0,1.0
1.0,1.0
1.0,1.0
1.0,1.0
1.0,1.0
1.0,1.0
1.0,1.0
1.0,1.0
1.0,1.0
1.0,1.0
1.0,1.0
1.0,1.0
1.0,1.0
1.0,1.0
1.0,1.0
1.0,1.0
1.0,1.0
1.0,1.0
1.0,1.0
1.0,1.0
1.0,1.0
1.0,1.0
1.0,1.0
1.0,1.0
1.0,1.0
1.0,1.0
1.0,1.0
1.0,1.0
1.0,1.0
1.0,1.0
1.0,1.0
1.0,1.0
1.0,1.0
1.0,1.0
1.0,1.0
1.0,1.0
1.0,1.0
1.0,1.0
1.0,1.0
1.0,1.0
1.0,1.0
1.0,1.0
1.0,1.0
1.0,1.0
1.0,1.0
1.0,1.0
1.0,1.0
1.0,1.0
1.0,1.0
1.0,1.0
1.0,1.0
1.0,1.0
1.0,1.0
1.0,1.0
1.0,1.0
1.0,1.0
1.0,1.0
1.0,1.0
1.0,1.0
1.0,1.0
1.0,1.0
1.0,1.0
1.0,1.0
1.0,1.0
1.0,1.0
1.0,1.0
1.0,1.0
1.0,1.0
1.0,1.0
1.0,1.0
1.0,1.0
1.0,1.0
1.0,1.0
1.0,1.0
1.0,1.0
1.0,1.0
1.0,1.0
1.0,1.0
1.0,1.0
1.0,1.0
1.0,1.0
1.0,1.0
1.0,1.0
1.0,1.0
1.0,1.0
1.0,1.0
1.0,1.0
1.0,1.0
1.0,1.0
1.0,1.0
1.0,1.0
1.0,1.0
1.0,1.0
1.0,1.0
1.0,1.0
1.0,1.0
1.0,1.0
1.0,1.0
1.0,1.0
1.0,1.0
1.0,1.0
1.0,1.0
1.0,1.0
1.0,1.0
1.0,1.0
1.0,1.0
1.0,1.0
1.0,1.0
1.0,1.0
1.0,1.0
1.0,1.0
1.0,1.0
1.0,1.0
1.0,1.0
1.0,1.0
1.0,1.0
1.0,1.0
1.0,1.0
1.0,1.0
1.0,1.0
1.0,1.0
1.0,1.0
1.0,1.0
1.0,1.0
1.0,1.0
1.0,1.0
1.0,1.0
1.0,1.0
1.0,1.0
1.0,1.0
1.0,1.0
1.0,1.0
1.0,1.0
1.0,1.0
1.0,1.0
1.0,1.0
1.0,1.0
1.0,1.0
1.0,1.0
1.0,1.0
1.0,1.0
1.0,1.0
1.0,1.0
1.0,1.0
1.0,1.0
1.0,1.0
1.0,1.0
1.0,1.0
1.0,1.0
1.0,1.0
1.0,1.0
1.0,1.0
1.0,1.0
1.0,1.0
1.0,1.0
1.0,1.0
1.0,1.0
1.0,1.0
1.0,1.0
1.0,1.0
1.0,1.0
1.0,1.0
1.0,1.0
1.0,1.0
1.0,1.0
1.0,1.0
1.0,1.0
1.0,1.0
1.0,1.0
1.0,1.0
1.0,1.0
1.0,1.0
1.0,1.0
1.0,1.0
1.0,1.0
1.0,1.0
1.0,1.0
1.0,1.0
1.0,1.0
1.0,1.0
1.0,1.0
1.0,1.0
1.0,1.0
1.0,1.0
1.0,1.0
1.0,1.0
1.0,1.0
1.0,1.0
1.0,1.0
1.0,1.0
1.0,1.0
1.0,1.0
1.0,1.0
1.0,1.0
1.0,1.0
1.0,1.0
1.0,1.0
1.0,1.0
1.0,1.0
1.0,1.0
1.0,1.0
1.0,1.0
1.0,1.0
1.0,1.0
1.0,1.0
1.0,1.0
1.0,1.0
1.0,1.0
1.0,1.0
1.0,1.0
1.0,1.0
1.0,1.0
1.0,1.0
1.0,1.0
1.0,1.0
1.0,1.0
1.0,1.0
1.0,1.0
1.0,1.0
1.0,1.0
1.0,1.0
1.0,1.0
1.0,1.0
1.0,1.0
1.0,1.0
1.0,1.0
1.0,1.0
1.0,1.0
1.0,1.0
1.0,1.0
1.0,1.0
1.0,1.0
1.0,1.0
1.0,1.0
1.0,1.0
1.0,1.0
1.0,1.0
1.0,1.0
1.0,1.0
1.0,1.0
1.0,1.0
1.0,1.0
1.0,1.0
1.0,1.0
1.0,1.0
1.0,1.0
1.0,1.0
1.0,1.0
1.0,1.0
1.0,1.0
1.0,1.0
1.0,1.0
1.0,1.0
1.0,1.0
1.0,1.0
1.0,1.0
1.0,1.0
1.0,1.0
1.0,1.0
1.0,1.0
1.0,1.0
1.0,1.0
1.0,1.0
1.0,1.0
1.0,1.0
1.0,1.0
1.0,1.0
1.0,1.0
1.0,1.0
1.0,1.0
1.0,1.0
1.0,1.0
1.0,1.0
1.0,1.0
1.0,1.0
1.0,1.0
1.0,1.0
1.0,1.0
1.0,1.0
1.0,1.0
1.0,1.0
1.0,1.0
1.0,1.0
1.0,1.0
1.0,1.0
1.0,1.0
1.0,1.0
1.0,1.0
1.0,1.0
1.0,1.0
1.0,1.0
1.0,1.0
1.0,1.0
1.0,1.0
1.0,1.0
1.0,1.0
1.0,1.0
1.0,1.0
1.0,1.0
1.0,1.0
1.0,1.0
1.0,1.0
1.0,1.0
1.0,1.0
1.0,1.0
1.0,1.0
1.0,1.0
1.0,1.0
1.0,1.0
1.0,1.0
1.0,1.0
1.0,1.0
1.0,1.0
1.0,1.0
1.0,1.0
1.0,1.0
1.0,1.0
1.0,1.0
1.0,1.0
1.0,1.0
1.0,1.0
1.0,1.0
1.0,1.0
1.0,1.0
1.0,1.0
1.0,1.0
1.0,1.0
1.0,1.0
1.0,1.0
1.0,1.0
1.0,1.0
1.0,1.0
1.0,1.0
1.0,1.0
1.0,1.0
1.0,1.0
1.0,1.0
1.0,1.0
1.0,1.0
1.0,1.0
1.0,1.0
1.0,1.0
1.0,1.0
1.0,1.0
1.0,1.0
1.0,1.0
1.0,1.0
1.0,1.0
1.0,1.0
1.0,1.0
1.0,1.0
1.0,1.0
1.0,1.0
1.0,1.0
1.0,1.0
1.0,1.0
1.0,1.0
1.0,1.0
1.0,1.0
1.0,1.0
1.0,1.0
1.0,1.0
1.0,1.0
1.0,1.0
1.0,1.0
1.0,1.0
1.0,1.0
1.0,1.0
1.0,1.0
1.0,1.0
1.0,1.0
1.0,1.0
1.0,1.0
1.0,1.0
1.0,1.0
1.0,1.0
1.0,1.0
1.0,1.0
1.0,1.0
1.0,1.0
1.0,1.0
1.0,1.0
1.0,1.0
1.0,1.0
1.0,1.0
1.0,1.0
1.0,1.0
1.0,1.0
1.0,1.0
1.0,1.0
1.0,1.0
1.0,1.0
1.0,1.0
1.0,1.0
1.0,1.0
1.0,1.0
1.0,1.0
1.0,1.0
1.0,1.0
1.0,1.0
1.0,1.0
1.0,1.0
1.0,1.0
1.0,1.0
1.0,1.0
1.0,1.0
1.0,1.0
1.0,1.0
1.0,1.0
1.0,1.0
1.0,1.0
1.0,1.0
1.0,1.0
1.0,1.0
1.0,1.0
1.0,1.0
1.0,1.0
1.0,1.0
1.0,1.0
1.0,1.0
1.0,1.0
1.0,1.0
1.0,1.0
1.0,1.0
1.0,1.0
1.0,1.0
1.0,1.0
1.0,1.0
1.0,1.0
1.0,1.0
1.0,1.0
1.0,1.0
1.0,1.0
1.0,1.0
1.0,1.0
1.0,1.0
1.0,1.0
1.0,1.0
1.0,1.0
1.0,1.0
1.0,1.0
1.0,1.0
1.0,1.0
1.0,1.0
1.0,1.0
1.0,1.0
1.0,1.0
1.0,1.0
1.0,1.0
1.0,1.0
1.0,1.0
1.0,1.0
1.0,1.0
1.0,1.0
1.0,1.0
1.0,1.0
1.0,1.0
1.0,1.0
1.0,1.0
1.0,1.0
1.0,1.0
1.0,1.0
1.0,1.0
1.0,1.0
1.0,1.0
1.0,1.0
1.0,1.0
1.0,1.0
1.0,1.0
1.0,1.0
1.0,1.0
1.0,1.0
1.0,1.0
1.0,1.0
1.0,1.0
1.0,1.0
1.0,1.0
1.0,1.0
1.0,1.0
1.0,1.0
1.0,1.0
1.0,1.0
1.0,1.0
1.0,1.0
1.0,1.0
1.0,1.0
1.0,1.0
1.0,1.0
1.0,1.0
1.0,1.0
1.0,1.0
1.0,1.0
1.0,1.0
1.0,1.0
1.0,1.0
1.0,1.0
1.0,1.0
1.0,1.0
1.0,1.0
1.0,1.0
1.0,1.0
1.0,1.0
1.0,1.0
1.0,1.0
1.0,1.0
1.0,1.0
1.0,1.0
1.0,1.0
1.0,1.0
1.0,1.0
1.0,1.0
1.0,1.0
1.0,1.0
1.0,1.0
1.0,1.0
1.0,1.0
1.0,1.0
1.0,1.0
1.0,1.0
1.0,1.0
1.0,1.0
1.0,1.0
1.0,1.0
1.0,1.0
1.0,1.0
1.0,1.0
1.0,1.0
1.0,1.0
1.0,1.0
1.0,1.0
1.0,1.0
1.0,1.0
1.0,1.0
1.0,1.0
1.0,1.0
1.0,1.0
1.0,1.0
1.0,1.0
1.0,1.0
1.0,1.0
1.0,1.0
1.0,1.0
1.0,1.0
1.0,1.0
1.0,1.0
1.0,1.0
1.0,1.0
1.0,1.0
1.0,1.0
1.0,1.0
1.0,1.0
1.0,1.0
1.0,1.0
1.0,1.0
1.0,1.0
1.0,1.0
1.0,1.0
1.0,1.0
1.0,1.0
1.0,1.0
1.0,1.0
1.0,1.0
1.0,1.0
1.0,1.0
1.0,1.0
1.0,1.0
1.0,1.0
1.0,1.0
1.0,1.0
1.0,1.0
1.0,1.0
1.0,1.0
1.0,1.0
1.0,1.0
1.0,1.0
1.0,1.0
1.0,1.0
1.0,1.0
1.0,1.0
1.0,1.0
1.0,1.0
1.0,1.0
1.0,1.0
1.0,1.0
1.0,1.0
1.0,1.0
1.0,1.0
1.0,1.0
1.0,1.0
1.0,1.0
1.0,1.0
1.0,1.0
1.0,1.0
1.0,1.0
1.0,1.0
1.0,1.0
1.0,1.0
1.0,1.0
1.0,1.0
1.0,1.0
1.0,1.0
1.0,1.0
1.0,1.0
1.0,1.0
1.0,1.0
1.0,1.0
1.0,1.0
1.0,1.0
1.0,1.0
1.0,1.0
1.0,1.0
1.0,1.0
1.0,1.0
1.0,1.0
1.0,1.0
1.0,1.0
1.0,1.0
1.0,1.0
1.0,1.0
1.0,1.0
1.0,1.0
1.0,1.0
1.0,1.0
1.0,1.0
1.0,1.0
1.0,1.0
1.0,1.0
1.0,1.0
1.0,1.0
1.0,1.0
1.0,1.0
1.0,1.0
1.0,1.0
1.0,1.0
1.0,1.0
1.0,1.0
1.0,1.0
1.0,1.0
1.0,1.0
1.0,1.0
1.0,1.0
1.0,1.0
1.0,1.0
1.0,1.0
1.0,1.0
1.0,1.0
1.0,1.0
1.0,1.0
1.0,1.0
1.0,1.0
1.0,1.0
1.0,1.0
1.0,1.0
1.0,1.0
1.0,1.0
1.0,1.0
1.0,1.0
1.0,1.0
1.0,1.0
1.0,1.0
1.0,1.0
1.0,1.0
1.0,1.0
1.0,1.0
1.0,1.0
1.0,1.0
1.0,1.0
1.0,1.0
1.0,1.0
1.0,1.0
1.0,1.0
1.0,1.0
1.0,1.0
1.0,1.0
1.0,1.0
1.0,1.0
1.0,1.0
1.0,1.0
1.0,1.0
1.0,1.0
1.0,1.0
1.0,1.0
1.0,1.0
1.0,1.0
1.0,1.0
1.0,1.0
1.0,1.0
1.0,1.0
1.0,1.0
1.0,1.0
1.0,1.0
1.0,1.0
1.0,1.0
1.0,1.0
1.0,1.0
1.0,1.0
1.0,1.0
1.0,1.0
1.0,1.0
1.0,1.0
1.0,1.0
1.0,1.0
1.0,1.0
1.0,1.0
1.0,1.0
1.0,1.0
1.0,1.0
1.0,1.0
1.0,1.0
1.0,1.0
1.0,1.0
1.0,1.0
1.0,1.0
1.0,1.0
1.0,1.0
1.0,1.0
1.0,1.0
1.0,1.0
1.0,1.0
1.0,1.0
1.0,1.0
1.0,1.0
1.0,1.0
1.0,1.0
1.0,1.0
1.0,1.0
1.0,1.0
1.0,1.0
1.0,1.0
1.0,1.0
1.0,1.0
1.0,1.0
1.0,1.0
1.0,1.0
1.0,1.0
1.0,1.0
1.0,1.0
1.0,1.0
1.0,1.0
1.0,1.0
1.0,1.0
1.0,1.0
1.0,1.0
1.0,1.0
1.0,1.0
1.0,1.0
1.0,1.0
1.0,1.0
1.0,1.0
1.0,1.0
1.0,1.0
1.0,1.0
1.0,1.0
1.0,1.0
1.0,1.0
1.0,1.0
1.0,1.0
1.0,1.0
1.0,1.0
1.0,1.0
1.0,1.0
1.0,1.0
1.0,1.0
1.0,1.0
1.0,1.0
1.0,1.0
1.0,1.0
1.0,1.0
1.0,1.0
1.0,1.0
1.0,1.0
1.0,1.0
1.0,1.0
1.0,1.0
1.0,1.0
1.0,1.0
1.0,1.0
1.0,1.0
1.0,1.0
1.0,1.0
1.0,1.0
1.0,1.0
1.0,1.0
1.0,1.0
1.0,1.0
1.0,1.0
1.0,1.0
1.0,1.0
1.0,1.0
1.0,1.0
1.0,1.0
1.0,1.0
1.0,1.0
1.0,1.0
1.0,1.0
1.0,1.0
1.0,1.0
1.0,1.0
1.0,1.0
1.0,1.0
1.0,1.0
1.0,1.0
1.0,1.0
1.0,1.0
1.0,1.0
1.0,1.0
1.0,1.0
1.0,1.0
1.0,1.0
1.0,1.0
1.0,1.0
1.0,1.0
1.0,1.0
1.0,1.0
1.0,1.0
1.0,1.0
1.0,1.0
1.0,1.0
1.0,1.0
1.0,1.0
1.0,1.0
1.0,1.0
1.0,1.0
1.0,1.0
1.0,1.0
1.0,1.0
1.0,1.0
1.0,1.0
1.0,1.0
1.0,1.0
1.0,1.0
1.0,1.0
1.0,1.0
1.0,1.0
1.0,1.0
1.0,1.0
1.0,1.0
1.0,1.0
1.0,1.0
1.0,1.0
1.0,1.0
1.0,1.0
1.0,1.0
1.0,1.0
1.0,1.0
1.0,1.0
1.0,1.0
1.0,1.0
1.0,1.0
1.0,1.0
1.0,1.0
1.0,1.0
1.0,1.0
1.0,1.0
1.0,1.0
1.0,1.0
1.0,1.0
1.0,1.0
1.0,1.0
1.0,1.0
1.0,1.0
1.0,1.0
1.0,1.0
1.0,1.0
1.0,1.0
1.0,1.0
1.0,1.0
1.0,1.0
1.0,1.0
1.0,1.0
1.0,1.0
1.0,1.0
1.0,1.0
1.0,1.0
1.0,1.0
1.0,1.0
1.0,1.0
1.0,1.0
1.0,1.0
1.0,1.0
1.0,1.0
1.0,1.0
1.0,1.0
1.0,1.0
1.0,1.0
1.0,1.0
1.0,1.0
1.0,1.0
1.0,1.0
1.0,1.0
1.0,1.0
1.0,1.0
1.0,1.0
1.0,1.0
1.0,1.0
1.0,1.0
1.0,1.0
1.0,1.0
1.0,1.0
1.0,1.0
1.0,1.0
1.0,1.0
1.0,1.0
1.0,1.0
1.0,1.0
1.0,1.0
1.0,1.0
1.0,1.0
1.0,1.0
1.0,1.0
1.0,1.0
1.0,1.0
1.0,1.0
1.0,1.0
1.0,1.0
1.0,1.0
1.0,1.0
1.0,1.0
1.0,1.0
1.0,1.0
1.0,1.0
1.0,1.0
1.0,1.0
1.0,1.0
1.0,1.0
1.0,1.0
1.0,1.0
1.0,1.0
1.0,1.0
1.0,1.0
1.0,1.0
1.0,1.0
1.0,1.0
1.0,1.0
1.0,1.0
1.0,1.0
1.0,1.0
1.0,1.0
1.0,1.0
1.0,1.0
1.0,1.0
1.0,1.0
1.0,1.0
1.0,1.0
1.0,1.0
1.0,1.0
1.0,1.0
1.0,1.0
1.0,1.0
1.0,1.0
1.0,1.0
1.0,1.0
1.0,1.0
1.0,1.0
1.0,1.0
1.0,1.0
1.0,1.0
1.0,1.0
1.0,1.0
1.0,1.0
1.0,1.0
1.0,1.0
1.0,1.0
1.0,1.0
1.0,1.0
1.0,1.0
1.0,1.0
1.0,1.0
1.0,1.0
1.0,1.0
1.0,1.0
1.0,1.0
1.0,1.0
1.0,1.0
1.0,1.0
1.0,1.0
1.0,1.0
1.0,1.0
1.0,1.0
1.0,1.0
1.0,1.0
1.0,1.0
1.0,1.0
1.0,1.0
1.0,1.0
1.0,1.0
1.0,1.0
1.0,1.0
1.0,1.0
1.0,1.0
1.0,1.0
1.0,1.0
1.0,1.0
1.0,1.0
1.0,1.0
1.0,1.0
1.0,1.0
1.0,1.0
1.0,1.0
1.0,1.0
1.0,1.0
1.0,1.0
1.0,1.0
1.0,1.0
1.0,1.0
1.0,1.0
1.0,1.0
1.0,1.0
1.0,1.0
1.0,1.0
1.0,1.0
1.0,1.0
1.0,1.0
1.0,1.0
1.0,1.0
1.0,1.0
1.0,1.0
1.0,1.0
1.0,1.0
1.0,1.0
1.0,1.0
1.0,1.0
1.0,1.0
1.0,1.0
1.0,1.0
1.0,1.0
1.0,1.0
1.0,1.0
1.0,1.0
1.0,1.0
1.0,1.0
1.0,1.0
1.0,1.0
1.0,1.0
1.0,1.0
1.0,1.0
1.0,1.0
1.0,1.0
1.0,1.0
1.0,1.0
1.0,1.0
1.0,1.0
1.0,1.0
1.0,1.0
1.0,1.0
1.0,1.0
1.0,1.0
1.0,1.0
1.0,1.0
1.0,1.0
1.0,1.0
1.0,1.0
1.0,1.0
1.0,1.0
1.0,1.0
1.0,1.0
1.0,1.0
1.0,1.0
1.0,1.0
1.0,1.0
1.0,1.0
1.0,1.0
1.0,1.0
1.0,1.0
1.0,1.0
1.0,1.0
1.0,1.0
1.0,1.0
1.0,1.0
1.0,1.0
1.0,1.0
1.0,1.0
1.0,1.0
1.0,1.0
1.0,1.0
1.0,1.0
1.0,1.0
1.0,1.0
1.0,1.0
1.0,1.0
1.0,1.0
1.0,1.0
1.0,1.0
1.0,1.0
1.0,1.0
1.0,1.0
1.0,1.0
1.0,1.0
1.0,1.0
1.0,1.0
1.0,1.0
1.0,1.0
1.0,1.0
1.0,1.0
1.0,1.0
1.0,1.0
1.0,1.0
1.0,1.0
1.0,1.0
1.0,1.0
1.0,1.0
1.0,1.0
1.0,1.0
1.0,1.0
1.0,1.0
1.0,1.0
1.0,1.0
1.0,1.0
1.0,1.0
1.0,1.0
1.0,1.0
1.0,1.0
1.0,1.0
1.0,1.0
1.0,1.0
1.0,1.0
1.0,1.0
1.0,1.0
1.0,1.0
1.0,1.0
1.0,1.0
1.0,1.0
1.0,1.0
1.0,1.0
1.0,1.0
1.0,1.0
1.0,1.0
1.0,1.0
1.0,1.0
1.0,1.0
1.0,1.0
1.0,1.0
1.0,1.0
1.0,1.0
1.0,1.0
1.0,1.0
1.0,1.0
1.0,1.0
1.0,1.0
1.0,1.0
1.0,1.0
1.0,1.0
1.0,1.0
1.0,1.0
1.0,1.0
1.0,1.0
1.0,1.0
1.0,1.0
1.0,1.0
1.0,1.0
1.0,1.0
1.0,1.0
1.0,1.0
1.0,1.0
1.0,1.0
1.0,1.0
1.0,1.0
1.0,1.0
1.0,1.0
1.0,1.0
1.0,1.0
1.0,1.0
1.0,1.0
1.0,1.0
1.0,1.0
1.0,1.0
1.0,1.0
1.0,1.0
1.0,1.0
1.0,1.0
1.0,1.0
1.0,1.0
1.0,1.0
1.0,1.0
1.0,1.0
1.0,1.0
1.0,1.0
1.0,1.0
1.0,1.0
1.0,1.0
1.0,1.0
1.0,1.0
1.0,1.0
1.0,1.0
1.0,1.0
1.0,1.0
1.0,1.0
1.0,1.0
1.0,1.0
1.0,1.0
1.0,1.0
1.0,1.0
1.0,1.0
1.0,1.0
1.0,1.0
1.0,1.0
1.0,1.0
1.0,1.0
1.0,1.0
1.0,1.0
1.0,1.0
1.0,1.0
1.0,1.0
1.0,1.0
1.0,1.0
1.0,1.0
1.0,1.0
1.0,1.0
1.0,1.0
1.0,1.0
1.0,1.0
1.0,1.0
1.0,1.0
1.0,1.0
1.0,1.0
1.0,1.0
1.0,1.0
1.0,1.0
1.0,1.0
1.0,1.0
1.0,1.0
1.0,1.0
1.0,1.0
1.0,1.0
1.0,1.0
1.0,1.0
1.0,1.0
1.0,1.0
1.0,1.0
1.0,1.0
1.0,1.0
1.0,1.0
1.0,1.0
1.0,1.0
1.0,1.0
1.0,1.0
1.0,1.0
1.0,1.0
1.0,1.0
1.0,1.0
1.0,1.0
1.0,1.0
1.0,1.0
1.0,1.0
1.0,1.0
1.0,1.0
1.0,1.0
1.0,1.0
1.0,1.0
1.0,1.0
1.0,1.0
1.0,1.0
1.0,1.0
1.0,1.0
1.0,1.0
1.0,1.0
1.0,1.0
1.0,1.0
1.0,1.0
1.0,1.0
1.0,1.0
1.0,1.0
1.0,1.0
1.0,1.0
1.0,1.0
1.0,1.0
1.0,1.0
1.0,1.0
1.0,1.0
1.0,1.0
1.0,1.0
1.0,1.0
1.0,1.0
1.0,1.0
1.0,1.0
1.0,1.0
1.0,1.0
1.0,1.0
1.0,1.0
1.0,1.0
1.0,1.0
1.0,1.0
1.0,1.0
1.0,1.0
1.0,1.0
1.0,1.0
1.0,1.0
1.0,1.0
1.0,1.0
1.0,1.0
1.0,1.0
1.0,1.0
1.0,1.0
1.0,1.0
1.0,1.0
1.0,1.0
1.0,1.0
1.0,1.0
1.0,1.0
1.0,1.0
1.0,1.0
1.0,1.0
1.0,1.0
1.0,1.0
1.0,1.0
1.0,1.0
1.0,1.0
1.0,1.0
1.0,1.0
1.0,1.0
1.0,1.0
1.0,1.0
1.0,1.0
1.0,1.0
1.0,1.0
1.0,1.0
1.0,1.0
1.0,1.0
1.0,1.0
1.0,1.0
1.0,1.0
1.0,1.0
1.0,1.0
1.0,1.0
1.0,1.0
1.0,1.0
1.0,1.0
1.0,1.0
1.0,1.0
1.0,1.0
1.0,1.0
1.0,1.0
1.0,1.0
1.0,1.0
1.0,1.0
1.0,1.0
1.0,1.0
1.0,1.0
1.0,1.0
1.0,1.0
1.0,1.0
1.0,1.0
1.0,1.0
1.0,1.0
1.0,1.0
1.0,1.0
1.0,1.0
1.0,1.0
1.0,1.0
1.0,1.0
1.0,1.0
1.0,1.0
1.0,1.0
1.0,1.0
1.0,1.0
1.0,1.0
1.0,1.0
1.0,1.0
1.0,1.0
1.0,1.0
1.0,1.0
1.0,1.0
1.0,1.0
1.0,1.0
1.0,1.0
1.0,1.0
1.0,1.0
1.0,1.0
1.0,1.0
1.0,1.0
1.0,1.0
1.0,1.0
1.0,1.0
1.0,1.0
1.0,1.0
1.0,1.0
1.0,1.0
1.0,1.0
1.0,1.0
1.0,1.0
1.0,1.0
1.0,1.0
1.0,1.0
1.0,1.0
1.0,1.0
1.0,1.0
1.0,1.0
1.0,1.0
1.0,1.0
1.0,1.0
1.0,1.0
1.0,1.0
1.0,1.0
1.0,1.0
1.0,1.0
1.0,1.0
1.0,1.0
1.0,1.0
1.0,1.0
1.0,1.0
1.0,1.0
1.0,1.0
1.0,1.0
1.0,1.0
1.0,1.0
1.0,1.0
1.0,1.0
1.0,1.0
1.0,1.0
1.0,1.0
1.0,1.0
1.0,1.0
1.0,1.0
1.0,1.0
1.0,1.0
1.0,1.0
1.0,1.0
1.0,1.0
1.0,1.0
1.0,1.0
1.0,1.0
1.0,1.0
1.0,1.0
1.0,1.0
1.0,1.0
1.0,1.0
1.0,1.0
1.0,1.0
1.0,1.0
1.0,1.0
1.0,1.0
1.0,1.0
1.0,1.0
1.0,1.0
1.0,1.0
1.0,1.0
1.0,1.0
1.0,1.0
1.0,1.0
1.0,1.0
1.0,1.0
1.0,1.0
1.0,1.0
1.0,1.0
1.0,1.0
1.0,1.0
1.0,1.0
1.0,1.0
1.0,1.0
1.0,1.0
1.0,1.0
1.0,1.0
1.0,1.0
1.0,1.0
1.0,1.0
1.0,1.0
1.0,1.0
1.0,1.0
1.0,1.0
1.0,1.0
1.0,1.0
1.0,1.0
1.0,1.0
1.0,1.0
1.0,1.0
1.0,1.0
1.0,1.0
1.0,1.0
1.0,1.0
1.0,1.0
1.0,1.0
1.0,1.0
1.0,1.0
1.0,1.0
1.0,1.0
1.0,1.0
1.0,1.0
1.0,1.0
1.0,1.0
1.0,1.0
1.0,1.0
1.0,1.0
1.0,1.0
1.0,1.0
1.0,1.0
1.0,1.0
1.0,1.0
1.0,1.0
1.0,1.0
1.0,1.0
1.0,1.0
1.0,1.0
1.0,1.0
1.0,1.0
1.0,1.0
1.0,1.0
1.0,1.0
1.0,1.0
1.0,1.0
1.0,1.0
1.0,1.0
1.0,1.0
1.0,1.0
1.0,1.0
1.0,1.0
1.0,1.0
1.0,1.0
1.0,1.0
1.0,1.0
1.0,1.0
1.0,1.0
1.0,1.0
1.0,1.0
1.0,1.0
1.0,1.0
1.0,1.0
1.0,1.0
1.0,1.0
1.0,1.0
1.0,1.0
1.0,1.0
1.0,1.0
1.0,1.0
1.0,1.0
1.0,1.0
1.0,1.0
1.0,1.0
1.0,1.0
1.0,1.0
1.0,1.0
1.0,1.0
1.0,1.0
1.0,1.0
1.0,1.0
1.0,1.0
1.0,1.0
1.0,1.0
1.0,1.0
1.0,1.0
1.0,1.0
1.0,1.0
1.0,1.0
1.0,1.0
1.0,1.0
1.0,1.0
1.0,1.0
1.0,1.0
1.0,1.0
1.0,1.0
1.0,1.0
1.0,1.0
1.0,1.0
1.0,1.0
1.0,1.0
1.0,1.0
1.0,1.0
1.0,1.0
1.0,1.0
1.0,1.0
1.0,1.0
1.0,1.0
1.0,1.0
1.0,1.0
1.0,1.0
1.0,1.0
1.0,1.0
1.0,1.0
1.0,1.0
1.0,1.0
1.0,1.0
1.0,1.0
1.0,1.0
1.0,1.0
1.0,1.0
1.0,1.0
1.0,1.0
1.0,1.0
1.0,1.0
1.0,1.0
1.0,1.0
1.0,1.0
1.0,1.0
1.0,1.0
1.0,1.0
1.0,1.0
1.0,1.0
1.0,1.0
1.0,1.0
1.0,1.0
1.0,1.0
1.0,1.0
1.0,1.0
1.0,1.0
1.0,1.0
1.0,1.0
1.0,1.0
1.0,1.0
1.0,1.0
1.0,1.0
1.0,1.0
1.0,1.0
1.0,1.0
1.0,1.0
1.0,1.0
1.0,1.0
1.0,1.0
1.0,1.0
1.0,1.0
1.0,1.0
1.0,1.0
1.0,1.0
1.0,1.0
1.0,1.0
1.0,1.0
1.0,1.0
1.0,1.0
1.0,1.0
1.0,1.0
1.0,1.0
1.0,1.0
1.0,1.0
1.0,1.0
1.0,1.0
1.0,1.0
1.0,1.0
1.0,1.0
1.0,1.0
1.0,1.0
1.0,1.0
1.0,1.0
1.0,1.0
1.0,1.0
1.0,1.0
1.0,1.0
1.0,1.0
1.0,1.0
1.0,1.0
1.0,1.0
1.0,1.0
1.0,1.0
1.0,1.0
1.0,1.0
1.0,1.0
1.0,1.0
1.0,1.0
1.0,1.0
1.0,1.0
1.0,1.0
1.0,1.0
1.0,1.0
1.0,1.0
1.0,1.0
1.0,1.0
1.0,1.0
1.0,1.0
1.0,1.0
1.0,1.0
1.0,1.0
1.0,1.0
1.0,1.0
1.0,1.0
1.0,1.0
1.0,1.0
1.0,1.0
1.0,1.0
1.0,1.0
1.0,1.0
1.0,1.0
1.0,1.0
1.0,1.0
1.0,1.0
1.0,1.0
1.0,1.0
1.0,1.0
1.0,1.0
1.0,1.0
1.0,1.0
1.0,1.0
1.0,1.0
1.0,1.0
1.0,1.0
1.0,1.0
1.0,1.0
1.0,1.0
1.0,1.0
1.0,1.0
1.0,1.0
1.0,1.0
1.0,1.0
1.0,1.0
1.0,1.0
1.0,1.0
1.0,1.0
1.0,1.0
1.0,1.0
1.0,1.0
1.0,1.0
1.0,1.0
1.0,1.0
1.0,1.0
1.0,1.0
1.0,1.0
1.0,1.0
1.0,1.0
1.0,1.0
1.0,1.0
1.0,1.0
1.0,1.0
1.0,1.0
1.0,1.0
1.0,1.0
1.0,1.0
1.0,1.0
1.0,1.0
1.0,1.0
1.0,1.0
1.0,1.0
1.0,1.0
1.0,1.0
1.0,1.0
1.0,1.0
1.0,1.0
1.0,1.0
1.0,1.0
1.0,1.0
1.0,1.0
1.0,1.0
1.0,1.0
1.0,1.0
1.0,1.0
1.0,1.0
1.0,1.0
1.0,1.0
1.0,1.0
1.0,1.0
1.0,1.0
1.0,1.0
1.0,1.0
1.0,1.0
1.0,1.0
1.0,1.0
1.0,1.0
1.0,1.0
1.0,1.0
1.0,1.0
1.0,1.0
1.0,1.0
1.0,1.0
1.0,1.0
1.0,1.0
1.0,1.0
1.0,1.0
1.0,1.0
1.0,1.0
1.0,1.0
1.0,1.0
1.0,1.0
1.0,1.0
1.0,1.0
1.0,1.0
1.0,1.0
1.0,1.0
1.0,1.0
1.0,1.0
1.0,1.0
1.0,1.0
1.0,1.0
1.0,1.0
1.0,1.0
1.0,1.0
1.0,1.0
1.0,1.0
1.0,1.0
1.0,1.0
1.0,1.0
1.0,1.0
1.0,1.0
1.0,1.0
1.0,1.0
1.0,1.0
1.0,1.0
1.0,1.0
1.0,1.0
1.0,1.0
1.0,1.0
1.0,1.0
1.0,1.0
1.0,1.0
1.0,1.0
1.0,1.0
1.0,1.0
1.0,1.0
1.0,1.0
1.0,1.0
1.0,1.0
1.0,1.0
1.0,1.0
1.0,1.0
1.0,1.0
1.0,1.0
1.0,1.0
1.0,1.0
1.0,1.0
1.0,1.0
1.0,1.0
1.0,1.0
1.0,1.0
1.0,1.0
1.0,1.0
1.0,1.0
1.0,1.0
1.0,1.0
1.0,1.0
1.0,1.0
1.0,1.0
1.0,1.0
1.0,1.0
1.0,1.0
1.0,1.0
1.0,1.0
1.0,1.0
1.0,1.0
1.0,1.0
1.0,1.0
1.0,1.0
1.0,1.0
1.0,1.0
1.0,1.0
1.0,1.0
1.0,1.0
1.0,1.0
1.0,1.0
1.0,1.0
1.0,1.0
1.0,1.0
1.0,1.0
1.0,1.0
1.0,1.0
1.0,1.0
1.0,1.0
1.0,1.0
1.0,1.0
1.0,1.0
1.0,1.0
1.0,1.0
1.0,1.0
1.0,1.0
1.0,1.0
1.0,1.0
1.0,1.0
1.0,1.0
1.0,1.0
1.0,1.0
1.0,1.0
1.0,1.0
1.0,1.0
1.0,1.0
1.0,1.0
1.0,1.0
1.0,1.0
1.0,1.0
1.0,1.0
1.0,1.0
1.0,1.0
1.0,1.0
1.0,1.0
1.0,1.0
1.0,1.0
1.0,1.0
1.0,1.0
1.0,1.0
1.0,1.0
1.0,1.0
1.0,1.0
1.0,1.0
1.0,1.0
1.0,1.0
1.0,1.0
1.0,1.0
1.0,1.0
1.0,1.0
1.0,1.0
1.0,1.0
1.0,1.0
1.0,1.0
1.0,1.0
1.0,1.0
1.0,1.0
1.0,1.0
1.0,1.0
1.0,1.0
1.0,1.0
1.0,1.0
1.0,1.0
1.0,1.0
1.0,1.0
1.0,1.0
1.0,1.0
1.0,1.0
1.0,1.0
1.0,1.0
1.0,1.0
1.0,1.0
1.0,1.0
1.0,1.0
1.0,1.0
1.0,1.0
1.0,1.0
1.0,1.0
1.0,1.0
1.0,1.0
1.0,1.0
1.0,1.0
1.0,1.0
1.0,1.0
1.0,1.0
1.0,1.0
1.0,1.0
1.0,1.0
1.0,1.0
1.0,1.0
1.0,1.0
1.0,1.0
1.0,1.0
1.0,1.0
1.0,1.0
1.0,1.0
1.0,1.0
1.0,1.0
1.0,1.0
1.0,1.0
1.0,1.0
1.0,1.0
1.0,1.0
1.0,1.0
1.0,1.0
1.0,1.0
1.0,1.0
1.0,1.0
1.0,1.0
1.0,1.0
1.0,1.0
1.0,1.0
1.0,1.0
1.0,1.0
1.0,1.0
1.0,1.0
1.0,1.0
1.0,1.0
1.0,1.0
1.0,1.0
1.0,1.0
1.0,1.0
1.0,1.0
1.0,1.0
1.0,1.0
1.0,1.0
1.0,1.0
1.0,1.0
1.0,1.0
1.0,1.0
1.0,1.0
1.0,1.0
1.0,1.0
1.0,1.0
1.0,1.0
1.0,1.0
1.0,1.0
1.0,1.0
1.0,1.0
1.0,1.0
1.0,1.0
1.0,1.0
1.0,1.0
1.0,1.0
1.0,1.0
1.0,1.0
1.0,1.0
1.0,1.0
1.0,1.0
1.0,1.0
1.0,1.0
1.0,1.0
1.0,1.0
1.0,1.0
1.0,1.0
1.0,1.0
1.0,1.0
1.0,1.0
1.0,1.0
1.0,1.0
1.0,1.0
1.0,1.0
1.0,1.0
1.0,1.0
1.0,1.0
1.0,1.0
1.0,1.0
1.0,1.0
1.0,1.0
1.0,1.0
1.0,1.0
1.0,1.0
1.0,1.0
1.0,1.0
1.0,1.0
1.0,1.0
1.0,1.0
1.0,1.0
1.0,1.0
1.0,1.0
1.0,1.0
1.0,1.0
1.0,1.0
1.0,1.0
1.0,1.0
1.0,1.0
1.0,1.0
1.0,1.0
1.0,1.0
1.0,1.0
1.0,1.0
1.0,1.0
1.0,1.0
1.0,1.0
1.0,1.0
1.0,1.0
1.0,1.0
1.0,1.0
1.0,1.0
1.0,1.0
1.0,1.0
1.0,1.0
1.0,1.0
1.0,1.0
1.0,1.0
1.0,1.0
1.0,1.0
1.0,1.0
1.0,1.0
1.0,1.0
1.0,1.0
1.0,1.0
1.0,1.0
1.0,1.0
1.0,1.0
1.0,1.0
1.0,1.0
1.0,1.0
1.0,1.0
1.0,1.0
1.0,1.0
1.0,1.0
1.0,1.0
1.0,1.0
1.0,1.0
1.0,1.0
1.0,1.0
1.0,1.0
1.0,1.0
1.0,1.0
1.0,1.0
1.0,1.0
1.0,1.0
1.0,1.0
1.0,1.0
1.0,1.0
1.0,1.0
1.0,1.0
1.0,1.0
1.0,1.0
1.0,1.0
1.0,1.0
1.0,1.0
1.0,1.0
1.0,1.0
1.0,1.0
1.0,1.0
1.0,1.0
1.0,1.0
1.0,1.0
1.0,1.0
1.0,1.0
1.0,1.0
1.0,1.0
1.0,1.0
1.0,1.0
1.0,1.0
1.0,1.0
1.0,1.0
1.0,1.0
1.0,1.0
1.0,1.0
1.0,1.0
1.0,1.0
1.0,1.0
1.0,1.0
1.0,1.0
1.0,1.0
1.0,1.0
1.0,1.0
1.0,1.0
1.0,1.0
1.0,1.0
1.0,1.0
1.0,1.0
1.0,1.0
1.0,1.0
1.0,1.0
1.0,1.0
1.0,1.0
1.0,1.0
1.0,1.0
1.0,1.0
1.0,1.0
1.0,1.0
1.0,1.0
1.0,1.0
1.0,1.0
1.0,1.0
1.0,1.0
1.0,1.0
1.0,1.0
1.0,1.0
1.0,1.0
1.0,1.0
1.0,1.0
1.0,1.0
1.0,1.0
1.0,1.0
1.0,1.0
1.0,1.0
1.0,1.0
1.0,1.0
1.0,1.0
1.0,1.0
1.0,1.0
1.0,1.0
1.0,1.0
1.0,1.0
1.0,1.0
1.0,1.0
1.0,1.0
1.0,1.0
1.0,1.0
1.0,1.0
1.0,1.0
1.0,1.0
1.0,1.0
1.0,1.0
1.0,1.0
1.0,1.0
1.0,1.0
1.0,1.0
1.0,1.0
1.0,1.0
1.0,1.0
1.0,1.0
1.0,1.0
1.0,1.0
1.0,1.0
1.0,1.0
1.0,1.0
1.0,1.0
1.0,1.0
1.0,1.0
1.0,1.0
1.0,1.0
1.0,1.0
1.0,1.0
1.0,1.0
1.0,1.0
1.0,1.0
1.0,1.0
1.0,1.0
1.0,1.0
1.0,1.0
1.0,1.0
1.0,1.0
1.0,1.0
1.0,1.0
1.0,1.0
1.0,1.0
1.0,1.0
1.0,1.0
1.0,1.0
1.0,1.0
1.0,1.0
1.0,1.0
1.0,1.0
1.0,1.0
1.0,1.0
1.0,1.0
1.0,1.0
1.0,1.0
1.0,1.0
1.0,1.0
1.0,1.0
1.0,1.0
1.0,1.0
1.0,1.0
1.0,1.0
1.0,1.0
1.0,1.0
1.0,1.0
1.0,1.0
1.0,1.0
1.0,1.0
1.0,1.0
1.0,1.0
1.0,1.0
1.0,1.0
1.0,1.0
1.0,1.0
1.0,1.0
1.0,1.0
1.0,1.0
1.0,1.0
1.0,1.0
1.0,1.0
1.0,1.0
1.0,1.0
1.0,1.0
1.0,1.0
1.0,1.0
1.0,1.0
1.0,1.0
1.0,1.0
1.0,1.0
1.0,1.0
1.0,1.0
1.0,1.0
1.0,1.0
1.0,1.0
1.0,1.0
1.0,1.0
1.0,1.0
1.0,1.0
1.0,1.0
1.0,1.0
1.0,1.0
1.0,1.0
1.0,1.0
1.0,1.0
1.0,1.0
1.0,1.0
1.0,1.0
1.0,1.0
1.0,1.0
1.0,1.0
1.0,1.0
1.0,1.0
1.0,1.0
1.0,1.0
1.0,1.0
1.0,1.0
1.0,1.0
1.0,1.0
1.0,1.0
1.0,1.0
1.0,1.0
1.0,1.0
1.0,1.0
1.0,1.0
1.0,1.0
1.0,1.0
1.0,1.0
1.0,1.0
1.0,1.0
1.0,1.0
1.0,1.0
1.0,1.0
1.0,1.0
1.0,1.0
1.0,1.0
1.0,1.0
1.0,1.0
1.0,1.0
1.0,1.0
1.0,1.0
1.0,1.0
1.0,1.0
1.0,1.0
1.0,1.0
1.0,1.0
1.0,1.0
1.0,1.0
1.0,1.0
1.0,1.0
1.0,1.0
1.0,1.0
1.0,1.0
1.0,1.0
1.0,1.0
1.0,1.0
1.0,1.0
1.0,1.0
1.0,1.0
1.0,1.0
1.0,1.0
1.0,1.0
1.0,1.0
1.0,1.0
1.0,1.0
1.0,1.0
1.0,1.0
1.0,1.0
1.0,1.0
1.0,1.0
1.0,1.0
1.0,1.0
1.0,1.0
1.0,1.0
1.0,1.0
1.0,1.0
1.0,1.0
1.0,1.0
1.0,1.0
1.0,1.0
1.0,1.0
1.0,1.0
1.0,1.0
1.0,1.0
1.0,1.0
1.0,1.0
1.0,1.0
1.0,1.0
1.0,1.0
1.0,1.0
1.0,1.0
1.0,1.0
1.0,1.0
1.0,1.0
1.0,1.0
1.0,1.0
1.0,1.0
1.0,1.0
1.0,1.0
1.0,1.0
1.0,1.0
1.0,1.0
1.0,1.0
1.0,1.0
1.0,1.0
1.0,1.0
1.0,1.0
1.0,1.0
1.0,1.0
1.0,1.0
1.0,1.0
1.0,1.0
1.0,1.0
1.0,1.0
1.0,1.0
1.0,1.0
1.0,1.0
1.0,1.0
1.0,1.0
1.0,1.0
1.0,1.0
1.0,1.0
1.0,1.0
1.0,1.0
1.0,1.0
1.0,1.0
1.0,1.0
1.0,1.0
1.0,1.0
1.0,1.0
1.0,1.0
1.0,1.0
1.0,1.0
1.0,1.0
1.0,1.0
1.0,1.0
1.0,1.0
1.0,1.0
1.0,1.0
1.0,1.0
1.0,1.0
1.0,1.0
1.0,1.0
1.0,1.0
1.0,1.0
1.0,1.0
1.0,1.0
1.0,1.0
1.0,1.0
1.0,1.0
1.0,1.0
1.0,1.0
1.0,1.0
1.0,1.0
1.0,1.0
1.0,1.0
1.0,1.0
1.0,1.0
1.0,1.0
1.0,1.0
1.0,1.0
1.0,1.0
1.0,1.0
1.0,1.0
1.0,1.0
1.0,1.0
1.0,1.0
1.0,1.0
1.0,1.0
1.0,1.0
1.0,1.0
1.0,1.0
1.0,1.0
1.0,1.0
1.0,1.0
1.0,1.0
1.0,1.0
1.0,1.0
1.0,1.0
1.0,1.0
1.0,1.0
1.0,1.0
1.0,1.0
1.0,1.0
1.0,1.0
1.0,1.0
1.0,1.0
1.0,1.0
1.0,1.0
1.0,1.0
1.0,1.0
1.0,1.0
1.0,1.0
1.0,1.0
1.0,1.0
1.0,1.0
1.0,1.0
1.0,1.0
1.0,1.0
1.0,1.0
1.0,1.0
1.0,1.0
1.0,1.0
1.0,1.0
1.0,1.0
1.0,1.0
1.0,1.0
1.0,1.0
1.0,1.0
1.0,1.0
1.0,1.0
1.0,1.0
1.0,1.0
1.0,1.0
1.0,1.0
1.0,1.0
1.0,1.0
1.0,1.0
1.0,1.0
1.0,1.0
1.0,1.0
1.0,1.0
1.0,1.0
1.0,1.0
1.0,1.0
1.0,1.0
1.0,1.0
1.0,1.0
1.0,1.0
1.0,1.0
1.0,1.0
1.0,1.0
1.0,1.0
1.0,1.0
1.0,1.0
1.0,1.0
1.0,1.0
1.0,1.0
1.0,1.0
1.0,1.0
1.0,1.0
1.0,1.0
1.0,1.0
1.0,1.0
1.0,1.0
1.0,1.0
1.0,1.0
1.0,1.0
1.0,1.0
1.0,1.0
1.0,1.0
1.0,1.0
1.0,1.0
1.0,1.0
1.0,1.0
1.0,1.0
1.0,1.0
1.0,1.0
1.0,1.0
1.0,1.0
1.0,1.0
1.0,1.0
1.0,1.0
1.0,1.0
1.0,1.0
1.0,1.0
1.0,1.0
1.0,1.0
1.0,1.0
1.0,1.0
1.0,1.0
1.0,1.0
1.0,1.0
1.0,1.0
1.0,1.0
1.0,1.0
1.0,1.0
1.0,1.0
1.0,1.0
1.0,1.0
1.0,1.0
1.0,1.0
1.0,1.0
1.0,1.0
1.0,1.0
1.0,1.0
1.0,1.0
1.0,1.0
1.0,1.0
1.0,1.0
1.0,1.0
1.0,1.0
1.0,1.0
1.0,1.0
1.0,1.0
1.0,1.0
1.0,1.0
1.0,1.0
1.0,1.0
1.0,1.0
1.0,1.0
1.0,1.0
1.0,1.0
1.0,1.0
1.0,1.0
1.0,1.0
1.0,1.0
1.0,1.0
1.0,1.0
1.0,1.0
1.0,1.0
1.0,1.0
1.0,1.0
1.0,1.0
1.0,1.0
1.0,1.0
1.0,1.0
1.0,1.0
1.0,1.0
1.0,1.0
1.0,1.0
1.0,1.0
1.0,1.0
1.0,1.0
1.0,1.0
1.0,1.0
1.0,1.0
1.0,1.0
1.0,1.0
1.0,1.0
1.0,1.0
1.0,1.0
1.0,1.0
1.0,1.0
1.0,1.0
1.0,1.0
1.0,1.0
1.0,1.0
1.0,1.0
1.0,1.0
1.0,1.0
1.0,1.0
1.0,1.0
1.0,1.0
1.0,1.0
1.0,1.0
1.0,1.0
1.0,1.0
1.0,1.0
1.0,1.0
1.0,1.0
1.0,1.0
1.0,1.0
1.0,1.0
1.0,1.0
1.0,1.0
1.0,1.0
1.0,1.0
1.0,1.0
1.0,1.0
1.0,1.0
1.0,1.0
1.0,1.0
1.0,1.0
1.0,1.0
1.0,1.0
1.0,1.0
1.0,1.0
1.0,1.0
1.0,1.0
1.0,1.0
1.0,1.0
1.0,1.0
1.0,1.0
1.0,1.0
1.0,1.0
1.0,1.0
1.0,1.0
1.0,1.0
1.0,1.0
1.0,1.0
1.0,1.0
1.0,1.0
1.0,1.0
1.0,1.0
1.0,1.0
1.0,1.0
1.0,1.0
1.0,1.0
1.0,1.0
1.0,1.0
1.0,1.0
1.0,1.0
1.0,1.0
1.0,1.0
1.0,1.0
1.0,1.0
1.0,1.0
1.0,1.0
1.0,1.0
1.0,1.0
1.0,1.0
1.0,1.0
1.0,1.0
1.0,1.0
1.0,1.0
1.0,1.0
1.0,1.0
1.0,1.0
1.0,1.0
1.0,1.0
1.0,1.0
1.0,1.0
1.0,1.0
1.0,1.0
1.0,1.0
1.0,1.0
1.0,1.0
1.0,1.0
1.0,1.0
1.0,1.0
1.0,1.0
1.0,1.0
1.0,1.0
1.0,1.0
1.0,1.0
1.0,1.0
1.0,1.0
1.0,1.0
1.0,1.0
1.0,1.0
1.0,1.0
1.0,1.0
1.0,1.0
1.0,1.0
1.0,1.0
1.0,1.0
1.0,1.0
1.0,1.0
1.0,1.0
1.0,1.0
1.0,1.0
1.0,1.0
1.0,1.0
1.0,1.0
1.0,1.0
1.0,1.0
1.0,1.0
1.0,1.0
1.0,1.0
1.0,1.0
1.0,1.0
1.0,1.0
1.0,1.0
1.0,1.0
1.0,1.0
1.0,1.0
1.0,1.0
1.0,1.0
1.0,1.0
1.0,1.0
1.0,1.0
1.0,1.0
1.0,1.0
1.0,1.0
1.0,1.0
1.0,1.0
1.0,1.0
1.0,1.0
1.0,1.0
1.0,1.0
1.0,1.0
1.0,1.0
1.0,1.0
1.0,1.0
1.0,1.0
1.0,1.0
1.0,1.0
1.0,1.0
1.0,1.0
1.0,1.0
1.0,1.0
1.0,1.0
1.0,1.0
1.0,1.0
1.0,1.0
1.0,1.0
1.0,1.0
1.0,1.0
1.0,1.0
1.0,1.0
1.0,1.0
1.0,1.0
1.0,1.0
1.0,1.0
1.0,1.0
1.0,1.0
1.0,1.0
1.0,1.0
1.0,1.0
1.0,1.0
1.0,1.0
1.0,1.0
1.0,1.0
1.0,1.0
1.0,1.0
1.0,1.0
1.0,1.0
1.0,1.0
1.0,1.0
1.0,1.0
1.0,1.0
1.0,1.0
1.0,1.0
1.0,1.0
1.0,1.0
1.0,1.0
1.0,1.0
1.0,1.0
1.0,1.0
1.0,1.0
1.0,1.0
1.0,1.0
1.0,1.0
1.0,1.0
1.0,1.0
1.0,1.0
1.0,1.0
1.0,1.0
1.0,1.0
1.0,1.0
1.0,1.0
1.0,1.0
1.0,1.0
1.0,1.0
1.0,1.0
1.0,1.0
1.0,1.0
1.0,1.0
1.0,1.0
1.0,1.0
1.0,1.0
1.0,1.0
1.0,1.0
1.0,1.0
1.0,1.0
1.0,1.0
1.0,1.0
1.0,1.0
1.0,1.0
1.0,1.0
1.0,1.0
1.0,1.0
1.0,1.0
1.0,1.0
1.0,1.0
1.0,1.0
1.0,1.0
1.0,1.0
1.0,1.0
1.0,1.0
1.0,1.0
1.0,1.0
1.0,1.0
1.0,1.0
1.0,1.0
1.0,1.0
1.0,1.0
1.0,1.0
1.0,1.0
1.0,1.0
1.0,1.0
1.0,1.0
1.0,1.0
1.0,1.0
1.0,1.0
1.0,1.0
1.0,1.0
1.0,1.0
1.0,1.0
1.0,1.0
1.0,1.0
1.0,1.0
1.0,1.0
1.0,1.0
1.0,1.0
1.0,1.0
1.0,1.0
1.0,1.0
1.0,1.0
1.0,1.0
1.0,1.0
1.0,1.0
1.0,1.0
1.0,1.0
1.0,1.0
1.0,1.0
1.0,1.0
1.0,1.0
1.0,1.0
1.0,1.0
1.0,1.0
1.0,1.0
1.0,1.0
1.0,1.0
1.0,1.0
1.0,1.0
1.0,1.0
1.0,1.0
1.0,1.0
1.0,1.0
1.0,1.0
1.0,1.0
1.0,1.0
1.0,1.0
1.0,1.0
1.0,1.0
1.0,1.0
1.0,1.0
1.0,1.0
1.0,1.0
1.0,1.0
1.0,1.0
1.0,1.0
1.0,1.0
1.0,1.0
1.0,1.0
1.0,1.0
1.0,1.0
1.0,1.0
1.0,1.0
1.0,1.0
1.0,1.0
1.0,1.0
1.0,1.0
1.0,1.0
1.0,1.0
1.0,1.0
1.0,1.0
1.0,1.0
1.0,1.0
1.0,1.0
1.0,1.0
1.0,1.0
1.0,1.0
1.0,1.0
1.0,1.0
1.0,1.0
1.0,1.0
1.0,1.0
1.0,1.0
1.0,1.0
1.0,1.0
1.0,1.0
1.0,1.0
1.0,1.0
1.0,1.0
1.0,1.0
1.0,1.0
1.0,1.0
1.0,1.0
1.0,1.0
1.0,1.0
1.0,1.0
1.0,1.0
1.0,1.0
1.0,1.0
1.0,1.0
1.0,1.0
1.0,1.0
1.0,1.0
1.0,1.0
1.0,1.0
1.0,1.0
1.0,1.0
1.0,1.0
1.0,1.0
1.0,1.0
1.0,1.0
1.0,1.0
1.0,1.0
1.0,1.0
1.0,1.0
1.0,1.0
1.0,1.0
1.0,1.0
1.0,1.0
1.0,1.0
1.0,1.0
1.0,1.0
1.0,1.0
1.0,1.0
1.0,1.0
1.0,1.0
1.0,1.0
1.0,1.0
1.0,1.0
1.0,1.0
1.0,1.0
1.0,1.0
1.0,1.0
1.0,1.0
1.0,1.0
1.0,1.0
1.0,1.0
1.0,1.0
1.0,1.0
1.0,1.0
1.0,1.0
1.0,1.0
1.0,1.0
1.0,1.0
1.0,1.0
1.0,1.0
1.0,1.0
1.0,1.0
1.0,1.0
1.0,1.0
1.0,1.0
1.0,1.0
1.0,1.0
1.0,1.0
1.0,1.0
1.0,1.0
1.0,1.0
1.0,1.0
1.0,1.0
1.0,1.0
1.0,1.0
1.0,1.0
1.0,1.0
1.0,1.0
1.0,1.0
1.0,1.0
1.0,1.0
1.0,1.0
1.0,1.0
1.0,1.0
1.0,1.0
1.0,1.0
1.0,1.0
1.0,1.0
1.0,1.0
1.0,1.0
1.0,1.0
1.0,1.0
1.0,1.0
1.0,1.0
1.0,1.0
1.0,1.0
1.0,1.0
1.0,1.0
1.0,1.0
1.0,1.0
1.0,1.0
1.0,1.0
1.0,1.0
1.0,1.0
1.0,1.0
1.0,1.0
1.0,1.0
1.0,1.0
1.0,1.0
1.0,1.0
1.0,1.0
1.0,1.0
1.0,1.0
1.0,1.0
1.0,1.0
1.0,1.0
1.0,1.0
1.0,1.0
1.0,1.0
1.0,1.0
1.0,1.0
1.0,1.0
1.0,1.0
1.0,1.0
1.0,1.0
1.0,1.0
1.0,1.0
1.0,1.0
1.0,1.0
1.0,1.0
1.0,1.0
1.0,1.0
1.0,1.0
1.0,1.0
1.0,1.0
1.0,1.0
1.0,1.0
1.0,1.0
1.0,1.0
1.0,1.0
1.0,1.0
1.0,1.0
1.0,1.0
1.0,1.0
1.0,1.0
1.0,1.0
1.0,1.0
1.0,1.0
1.0,1.0
1.0,1.0
1.0,1.0
1.0,1.0
1.0,1.0
1.0,1.0
1.0,1.0
1.0,1.0
1.0,1.0
1.0,1.0
1.0,1.0
1.0,1.0
1.0,1.0
1.0,1.0
1.0,1.0
1.0,1.0
1.0,1.0
1.0,1.0
1.0,1.0
1.0,1.0
1.0,1.0
1.0,1.0
1.0,1.0
1.0,1.0
1.0,1.0
1.0,1.0
1.0,1.0
1.0,1.0
1.0,1.0
1.0,1.0
1.0,1.0
1.0,1.0
1.0,1.0
1.0,1.0
1.0,1.0
1.0,1.0
1.0,1.0
1.0,1.0
1.0,1.0
1.0,1.0
1.0,1.0
1.0,1.0
1.0,1.0
1.0,1.0
1.0,1.0
1.0,1.0
1.0,1.0
1.0,1.0
1.0,1.0
1.0,1.0
1.0,1.0
1.0,1.0
1.0,1.0
1.0,1.0
1.0,1.0
1.0,1.0
1.0,1.0
1.0,1.0
1.0,1.0
1.0,1.0
1.0,1.0
1.0,1.0
1.0,1.0
1.0,1.0
1.0,1.0
1.0,1.0
1.0,1.0
1.0,1.0
1.0,1.0
1.0,1.0
1.0,1.0
1.0,1.0
1.0,1.0
1.0,1.0
1.0,1.0
1.0,1.0
1.0,1.0
1.0,1.0
1.0,1.0
1.0,1.0
1.0,1.0
1.0,1.0
1.0,1.0
1.0,1.0
1.0,1.0
1.0,1.0
1.0,1.0
1.0,1.0
1.0,1.0
1.0,1.0
1.0,1.0
1.0,1.0
1.0,1.0
1.0,1.0
1.0,1.0
1.0,1.0
1.0,1.0
1.0,1.0
1.0,1.0
1.0,1.0
1.0,1.0
1.0,1.0
1.0,1.0
1.0,1.0
1.0,1.0
1.0,1.0
1.0,1.0
1.0,1.0
1.0,1.0
1.0,1.0
1.0,1.0
1.0,1.0
1.0,1.0
1.0,1.0
1.0,1.0
1.0,1.0
1.0,1.0
1.0,1.0
1.0,1.0
1.0,1.0
1.0,1.0
1.0,1.0
1.0,1.0
1.0,1.0
1.0,1.0
1.0,1.0
1.0,1.0
1.0,1.0
1.0,1.0
1.0,1.0
1.0,1.0
1.0,1.0
1.0,1.0
1.0,1.0
1.0,1.0
1.0,1.0
1.0,1.0
1.0,1.0
1.0,1.0
1.0,1.0
1.0,1.0
1.0,1.0
1.0,1.0
1.0,1.0
1.0,1.0
1.0,1.0
1.0,1.0
1.0,1.0
1.0,1.0
1.0,1.0
1.0,1.0
1.0,1.0
1.0,1.0
1.0,1.0
1.0,1.0
1.0,1.0
1.0,1.0
1.0,1.0
1.0,1.0
1.0,1.0
1.0,1.0
1.0,1.0
1.0,1.0
1.0,1.0
1.0,1.0
1.0,1.0
1.0,1.0
1.0,1.0
1.0,1.0
1.0,1.0
1.0,1.0
1.0,1.0
1.0,1.0
1.0,1.0
1.0,1.0
1.0,1.0
1.0,1.0
1.0,1.0
1.0,1.0
1.0,1.0
1.0,1.0
1.0,1.0
1.0,1.0
1.0,1.0
1.0,1.0
1.0,1.0
1.0,1.0
1.0,1.0
1.0,1.0
1.0,1.0
1.0,1.0
1.0,1.0
1.0,1.0
1.0,1.0
1.0,1.0
1.0,1.0
1.0,1.0
1.0,1.0
1.0,1.0
1.0,1.0
1.0,1.0
1.0,1.0
1.0,1.0
1.0,1.0
1.0,1.0
1.0,1.0
1.0,1.0
1.0,1.0
1.0,1.0
1.0,1.0
1.0,1.0
1.0,1.0
1.0,1.0
1.0,1.0
1.0,1.0
1.0,1.0
1.0,1.0
1.0,1.0
1.0,1.0
1.0,1.0
1.0,1.0
1.0,1.0
1.0,1.0
1.0,1.0
1.0,1.0
1.0,1.0
1.0,1.0
1.0,1.0
1.0,1.0
1.0,1.0
1.0,1.0
1.0,1.0
1.0,1.0
1.0,1.0
1.0,1.0
1.0,1.0
1.0,1.0
1.0,1.0
1.0,1.0
1.0,1.0
1.0,1.0
1.0,1.0
1.0,1.0
1.0,1.0
1.0,1.0
1.0,1.0
1.0,1.0
1.0,1.0
1.0,1.0
1.0,1.0
1.0,1.0
1.0,1.0
1.0,1.0
1.0,1.0
1.0,1.0
1.0,1.0
1.0,1.0
1.0,1.0
1.0,1.0
1.0,1.0
1.0,1.0
1.0,1.0
1.0,1.0
1.0,1.0
1.0,1.0
1.0,1.0
1.0,1.0
1.0,1.0
1.0,1.0
1.0,1.0
1.0,1.0
1.0,1.0
1.0,1.0
1.0,1.0
1.0,1.0
1.0,1.0
1.0,1.0
1.0,1.0
1.0,1.0
1.0,1.0
1.0,1.0
1.0,1.0
1.0,1.0
1.0,1.0
1.0,1.0
1.0,1.0
1.0,1.0
1.0,1.0
1.0,1.0
1.0,1.0
1.0,1.0
1.0,1.0
1.0,1.0
1.0,1.0
1.0,1.0
1.0,1.0
1.0,1.0
1.0,1.0
1.0,1.0
1.0,1.0
1.0,1.0
1.0,1.0
1.0,1.0
1.0,1.0
1.0,1.0
1.0,1.0
1.0,1.0
1.0,1.0
1.0,1.0
1.0,1.0
1.0,1.0
1.0,1.0
1.0,1.0
1.0,1.0
1.0,1.0
1.0,1.0
1.0,1.0
1.0,1.0
1.0,1.0
1.0,1.0
1.0,1.0
1.0,1.0
1.0,1.0
1.0,1.0
1.0,1.0
1.0,1.0
1.0,1.0
1.0,1.0
1.0,1.0
1.0,1.0
1.0,1.0
1.0,1.0
1.0,1.0
1.0,1.0
1.0,1.0
1.0,1.0
1.0,1.0
1.0,1.0
1.0,1.0
1.0,1.0
1.0,1.0
1.0,1.0
1.0,1.0
1.0,1.0
1.0,1.0
1.0,1.0
1.0,1.0
1.0,1.0
1.0,1.0
1.0,1.0
1.0,1.0
1.0,1.0
1.0,1.0
1.0,1.0
1.0,1.0
1.0,1.0
1.0,1.0
1.0,1.0
1.0,1.0
1.0,1.0
1.0,1.0
1.0,1.0
1.0,1.0
1.0,1.0
1.0,1.0
1.0,1.0
1.0,1.0
1.0,1.0
1.0,1.0
1.0,1.0
1.0,1.0
1.0,1.0
1.0,1.0
1.0,1.0
1.0,1.0
1.0,1.0
1.0,1.0
1.0,1.0
1.0,1.0
1.0,1.0
1.0,1.0
1.0,1.0
1.0,1.0
1.0,1.0
1.0,1.0
1.0,1.0
1.0,1.0
1.0,1.0
1.0,1.0
1.0,1.0
1.0,1.0
1.0,1.0
1.0,1.0
1.0,1.0
1.0,1.0
1.0,1.0
1.0,1.0
1.0,1.0
1.0,1.0
1.0,1.0
1.0,1.0
1.0,1.0
1.0,1.0
1.0,1.0
1.0,1.0
1.0,1.0
1.0,1.0
1.0,1.0
1.0,1.0
1.0,1.0
1.0,1.0
1.0,1.0
1.0,1.0
1.0,1.0
1.0,1.0
1.0,1.0
1.0,1.0
1.0,1.0
1.0,1.0
1.0,1.0
1.0,1.0
1.0,1.0
1.0,1.0
1.0,1.0
1.0,1.0
1.0,1.0
1.0,1.0
1.0,1.0
1.0,1.0
1.0,1.0
1.0,1.0
1.0,1.0
1.0,1.0
1.0,1.0
1.0,1.0
1.0,1.0
1.0,1.0
1.0,1.0
1.0,1.0
1.0,1.0
1.0,1.0
1.0,1.0
1.0,1.0
1.0,1.0
1.0,1.0
1.0,1.0
1.0,1.0
1.0,1.0
1.0,1.0
1.0,1.0
1.0,1.0
1.0,1.0
1.0,1.0
1.0,1.0
1.0,1.0
1.0,1.0
1.0,1.0
1.0,1.0
1.0,1.0
1.0,1.0
1.0,1.0
1.0,1.0
1.0,1.0
1.0,1.0
1.0,1.0
1.0,1.0
1.0,1.0
1.0,1.0
1.0,1.0
1.0,1.0
1.0,1.0
1.0,1.0
1.0,1.0
1.0,1.0
1.0,1.0
1.0,1.0
1.0,1.0
1.0,1.0
1.0,1.0
1.0,1.0
1.0,1.0
1.0,1.0
1.0,1.0
1.0,1.0
1.0,1.0
1.0,1.0
1.0,1.0
1.0,1.0
1.0,1.0
1.0,1.0
1.0,1.0
1.0,1.0
1.0,1.0
1.0,1.0
1.0,1.0
1.0,1.0
1.0,1.0
1.0,1.0
1.0,1.0
1.0,1.0
1.0,1.0
1.0,1.0
1.0,1.0
1.0,1.0
1.0,1.0
1.0,1.0
1.0,1.0
1.0,1.0
1.0,1.0
1.0,1.0
1.0,1.0
1.0,1.0
1.0,1.0
1.0,1.0
1.0,1.0
1.0,1.0
1.0,1.0
1.0,1.0
1.0,1.0
1.0,1.0
1.0,1.0
1.0,1.0
1.0,1.0
1.0,1.0
1.0,1.0
1.0,1.0
1.0,1.0
1.0,1.0
1.0,1.0
1.0,1.0
1.0,1.0
1.0,1.0
1.0,1.0
1.0,1.0
1.0,1.0
1.0,1.0
1.0,1.0
1.0,1.0
1.0,1.0
1.0,1.0
1.0,1.0
1.0,1.0
1.0,1.0
1.0,1.0
1.0,1.0
1.0,1.0
1.0,1.0
1.0,1.0
1.0,1.0
1.0,1.0
1.0,1.0
1.0,1.0
1.0,1.0
1.0,1.0
1.0,1.0
1.0,1.0
1.0,1.0
1.0,1.0
1.0,1.0
1.0,1.0
1.0,1.0
1.0,1.0
1.0,1.0
1.0,1.0
1.0,1.0
1.0,1.0
1.0,1.0
1.0,1.0
1.0,1.0
1.0,1.0
1.0,1.0
1.0,1.0
1.0,1.0
1.0,1.0
1.0,1.0
1.0,1.0
1.0,1.0
1.0,1.0
1.0,1.0
1.0,1.0
1.0,1.0
1.0,1.0
1.0,1.0
1.0,1.0
1.0,1.0
1.0,1.0
1.0,1.0
1.0,1.0
1.0,1.0
1.0,1.0
1.0,1.0
1.0,1.0
1.0,1.0
1.0,1.0
1.0,1.0
1.0,1.0
1.0,1.0
1.0,1.0
1.0,1.0
1.0,1.0
1.0,1.0
1.0,1.0
1.0,1.0
1.0,1.0
1.0,1.0
1.0,1.0
1.0,1.0
1.0,1.0
1.0,1.0
1.0,1.0
1.0,1.0
1.0,1.0
1.0,1.0
1.0,1.0
1.0,1.0
1.0,1.0
1.0,1.0
1.0,1.0
1.0,1.0
1.0,1.0
1.0,1.0
1.0,1.0
1.0,1.0
1.0,1.0
1.0,1.0
1.0,1.0
1.0,1.0
1.0,1.0
1.0,1.0
1.0,1.0
1.0,1.0
1.0,1.0
1.0,1.0
1.0,1.0
1.0,1.0
1.0,1.0
1.0,1.0
1.0,1.0
1.0,1.0
1.0,1.0
1.0,1.0
1.0,1.0
1.0,1.0
1.0,1.0
1.0,1.0
1.0,1.0
1.0,1.0
1.0,1.0
1.0,1.0
1.0,1.0
1.0,1.0
1.0,1.0
1.0,1.0
1.0,1.0
1.0,1.0
1.0,1.0
1.0,1.0
1.0,1.0
1.0,1.0
1.0,1.0
1.0,1.0
1.0,1.0
1.0,1.0
1.0,1.0
1.0,1.0
1.0,1.0
1.0,1.0
1.0,1.0
1.0,1.0
1.0,1.0
1.0,1.0
1.0,1.0
1.0,1.0
1.0,1.0
1.0,1.0
1.0,1.0
1.0,1.0
1.0,1.0
1.0,1.0
1.0,1.0
1.0,1.0
1.0,1.0
1.0,1.0
1.0,1.0
1.0,1.0
1.0,1.0
1.0,1.0
1.0,1.0
1.0,1.0
1.0,1.0
1.0,1.0
1.0,1.0
1.0,1.0
1.0,1.0
1.0,1.0
1.0,1.0
1.0,1.0
1.0,1.0
1.0,1.0
1.0,1.0
1.0,1.0
1.0,1.0
1.0,1.0
1.0,1.0
1.0,1.0
1.0,1.0
1.0,1.0
1.0,1.0
1.0,1.0
1.0,1.0
1.0,1.0
1.0,1.0
1.0,1.0
1.0,1.0
1.0,1.0
1.0,1.0
1.0,1.0
1.0,1.0
1.0,1.0
1.0,1.0
1.0,1.0
1.0,1.0
1.0,1.0
1.0,1.0
1.0,1.0
1.0,1.0
1.0,1.0
1.0,1.0
1.0,1.0
1.0,1.0
1.0,1.0
1.0,1.0
1.0,1.0
1.0,1.0
1.0,1.0
1.0,1.0
1.0,1.0
1.0,1.0
1.0,1.0
1.0,1.0
1.0,1.0
1.0,1.0
1.0,1.0
1.0,1.0
1.0,1.0
1.0,1.0
1.0,1.0
1.0,1.0
1.0,1.0
1.0,1.0
1.0,1.0
1.0,1.0
1.0,1.0
1.0,1.0
1.0,1.0
1.0,1.0
1.0,1.0
1.0,1.0
1.0,1.0
1.0,1.0
1.0,1.0
1.0,1.0
1.0,1.0
1.0,1.0
1.0,1.0
1.0,1.0
1.0,1.0
1.0,1.0
1.0,1.0
1.0,1.0
1.0,1.0
1.0,1.0
1.0,1.0
1.0,1.0
1.0,1.0
1.0,1.0
1.0,1.0
1.0,1.0
1.0,1.0
1.0,1.0
1.0,1.0
1.0,1.0
1.0,1.0
1.0,1.0
1.0,1.0
1.0,1.0
1.0,1.0
1.0,1.0
1.0,1.0
1.0,1.0
1.0,1.0
1.0,1.0
1.0,1.0
1.0,1.0
1.0,1.0
1.0,1.0
1.0,1.0
1.0,1.0
1.0,1.0
1.0,1.0
1.0,1.0
1.0,1.0
1.0,1.0
1.0,1.0
1.0,1.0
1.0,1.0
1.0,1.0
1.0,1.0
1.0,1.0
1.0,1.0
1.0,1.0
1.0,1.0
1.0,1.0
1.0,1.0
1.0,1.0
1.0,1.0
1.0,1.0
1.0,1.0
1.0,1.0
1.0,1.0
1.0,1.0
1.0,1.0
1.0,1.0
1.0,1.0
1.0,1.0
1.0,1.0
1.0,1.0
1.0,1.0
1.0,1.0
1.0,1.0
1.0,1.0
1.0,1.0
1.0,1.0
1.0,1.0
1.0,1.0
1.0,1.0
1.0,1.0
1.0,1.0
1.0,1.0
1.0,1.0
1.0,1.0
1.0,1.0
1.0,1.0
1.0,1.0
1.0,1.0
1.0,1.0
1.0,1.0
1.0,1.0
1.0,1.0
1.0,1.0
1.0,1.0
1.0,1.0
1.0,1.0
1.0,1.0
1.0,1.0
1.0,1.0
1.0,1.0
1.0,1.0
1.0,1.0
1.0,1.0
1.0,1.0
1.0,1.0
1.0,1.0
1.0,1.0
1.0,1.0
1.0,1.0
1.0,1.0
1.0,1.0
1.0,1.0
1.0,1.0
1.0,1.0
1.0,1.0
1.0,1.0
1.0,1.0
1.0,1.0
1.0,1.0
1.0,1.0
1.0,1.0
1.0,1.0
1.0,1.0
1.0,1.0
1.0,1.0
1.0,1.0
1.0,1.0
1.0,1.0
1.0,1.0
1.0,1.0
1.0,1.0
1.0,1.0
1.0,1.0
1.0,1.0
1.0,1.0
1.0,1.0
1.0,1.0
1.0,1.0
1.0,1.0
1.0,1.0
1.0,1.0
1.0,1.0
1.0,1.0
1.0,1.0
1.0,1.0
1.0,1.0
1.0,1.0
1.0,1.0
1.0,1.0
1.0,1.0
1.0,1.0
1.0,1.0
1.0,1.0
1.0,1.0
1.0,1.0
1.0,1.0
1.0,1.0
1.0,1.0
1.0,1.0
1.0,1.0
1.0,1.0
1.0,1.0
1.0,1.0
1.0,1.0
1.0,1.0
1.0,1.0
1.0,1.0
1.0,1.0
1.0,1.0
1.0,1.0
1.0,1.0
1.0,1.0
1.0,1.0
1.0,1.0
1.0,1.0
1.0,1.0
1.0,1.0
1.0,1.0
1.0,1.0
1.0,1.0
1.0,1.0
1.0,1.0
1.0,1.0
1.0,1.0
1.0,1.0
1.0,1.0
1.0,1.0
1.0,1.0
1.0,1.0
1.0,1.0
1.0,1.0
1.0,1.0
1.0,1.0
1.0,1.0
1.0,1.0
1.0,1.0
1.0,1.0
1.0,1.0
1.0,1.0
1.0,1.0
1.0,1.0
1.0,1.0
1.0,1.0
1.0,1.0
1.0,1.0
1.0,1.0
1.0,1.0
1.0,1.0
1.0,1.0
1.0,1.0
1.0,1.0
1.0,1.0
1.0,1.0
1.0,1.0
1.0,1.0
1.0,1.0
1.0,1.0
1.0,1.0
1.0,1.0
1.0,1.0
1.0,1.0
1.0,1.0
1.0,1.0
1.0,1.0
1.0,1.0
1.0,1.0
1.0,1.0
1.0,1.0
1.0,1.0
1.0,1.0
1.0,1.0
1.0,1.0
1.0,1.0
1.0,1.0
1.0,1.0
1.0,1.0
1.0,1.0
1.0,1.0
1.0,1.0
1.0,1.0
1.0,1.0
1.0,1.0
1.0,1.0
1.0,1.0
1.0,1.0
1.0,1.0
1.0,1.0
1.0,1.0
1.0,1.0
1.0,1.0
1.0,1.0
1.0,1.0
1.0,1.0
1.0,1.0
1.0,1.0
1.0,1.0
1.0,1.0
1.0,1.0
1.0,1.0
1.0,1.0
1.0,1.0
1.0,1.0
1.0,1.0
1.0,1.0
1.0,1.0
1.0,1.0
1.0,1.0
1.0,1.0
1.0,1.0
1.0,1.0
1.0,1.0
1.0,1.0
1.0,1.0
1.0,1.0
1.0,1.0
1.0,1.0
1.0,1.0
1.0,1.0
1.0,1.0
1.0,1.0
1.0,1.0
1.0,1.0
1.0,1.0
1.0,1.0
1.0,1.0
1.0,1.0
1.0,1.0
1.0,1.0
1.0,1.0
1.0,1.0
1.0,1.0
1.0,1.0
1.0,1.0
1.0,1.0
1.0,1.0
1.0,1.0
1.0,1.0
1.0,1.0
1.0,1.0
1.0,1.0
1.0,1.0
1.0,1.0
1.0,1.0
1.0,1.0
1.0,1.0
1.0,1.0
1.0,1.0
1.0,1.0
1.0,1.0
1.0,1.0
1.0,1.0
1.0,1.0
1.0,1.0
1.0,1.0
1.0,1.0
1.0,1.0
1.0,1.0
1.0,1.0
1.0,1.0
1.0,1.0
1.0,1.0
1.0,1.0
1.0,1.0
1.0,1.0
1.0,1.0
1.0,1.0
1.0,1.0
1.0,1.0
